My FCI
converged SCF energy = -5.60729793542027
mo_coeff
[[ 0.40373809  0.45435896 -0.79876092  0.82472802 -0.19178044  0.          0.
   0.          0.         -0.09396501]
 [ 0.28850004  0.49275765  1.20140024 -0.72391832  0.05955011  0.          0.
   0.          0.          0.50827423]
 [ 0.          0.          0.          0.          0.          0.
   0.68562902  0.          0.73073826  0.        ]
 [ 0.          0.          0.          0.          0.          0.68562902
   0.          0.73073826  0.          0.        ]
 [ 0.0137352  -0.00779515 -0.00566854  0.13051081  0.61716239  0.          0.
   0.          0.          0.90722199]
 [ 0.40373809 -0.45435896  0.79876092  0.82472802 -0.19178044  0.          0.
   0.          0.          0.09396501]
 [ 0.28850004 -0.49275765 -1.20140024 -0.72391832  0.05955011  0.          0.
   0.          0.         -0.50827423]
 [ 0.          0.          0.          0.          0.          0.
   0.68562902  0.         -0.73073826  0.        ]
 [ 0.          0.          0.          0.          0.          0.68562902
   0.         -0.73073826  0.          0.        ]
 [-0.0137352  -0.00779515 -0.00566854 -0.13051081 -0.61716239  0.          0.
   0.          0.          0.90722199]]
mo_occ
[ 2.  2.  0.  0.  0.  0.  0.  0.  0.  0.]
mo_energy
[-1.09261546 -0.73074339  1.42998403  1.47341164  2.11999312  2.30917566
  2.30917566  2.73869282  2.73869282  3.74722501]
ne = 2 no = 10 ns = 45
h matrix
[[ -3.04455239e+00   4.12864187e-16  -5.08273978e-16  -3.84084134e-01
   -1.40568485e-01   0.00000000e+00   0.00000000e+00   0.00000000e+00
    0.00000000e+00  -2.22044605e-16]
 [  1.73472348e-17  -2.66366743e+00   4.41849328e-01  -2.35922393e-16
    1.94289029e-16   0.00000000e+00   0.00000000e+00   0.00000000e+00
    0.00000000e+00  -3.70427057e-02]
 [  1.74773390e-16   4.41849328e-01  -7.76604104e-01   5.03069808e-16
    1.17961196e-15   0.00000000e+00   0.00000000e+00   0.00000000e+00
    0.00000000e+00   1.79227015e-01]
 [ -3.84084134e-01   3.60605643e-16   2.34512930e-16  -8.61403905e-01
    3.04412477e-02   0.00000000e+00   0.00000000e+00   0.00000000e+00
    0.00000000e+00   1.49880108e-15]
 [ -1.40568485e-01   1.82579646e-16   1.14925430e-15   3.04412477e-02
   -6.08635564e-01   0.00000000e+00   0.00000000e+00   0.00000000e+00
    0.00000000e+00   2.77555756e-16]
 [  0.00000000e+00   0.00000000e+00   0.00000000e+00   0.00000000e+00
    0.00000000e+00  -3.34786536e-01   0.00000000e+00   0.00000000e+00
    0.00000000e+00   0.00000000e+00]
 [  0.00000000e+00   0.00000000e+00   0.00000000e+00   0.00000000e+00
    0.00000000e+00   0.00000000e+00  -3.34786536e-01   0.00000000e+00
    0.00000000e+00   0.00000000e+00]
 [  0.00000000e+00   0.00000000e+00   0.00000000e+00   0.00000000e+00
    0.00000000e+00   0.00000000e+00   0.00000000e+00   9.51800595e-02
    0.00000000e+00   0.00000000e+00]
 [  0.00000000e+00   0.00000000e+00   0.00000000e+00   0.00000000e+00
    0.00000000e+00   0.00000000e+00   0.00000000e+00   0.00000000e+00
    9.51800595e-02   0.00000000e+00]
 [ -6.59194921e-17  -3.70427057e-02   1.79227015e-01   1.29063427e-15
    2.77555756e-16   0.00000000e+00   0.00000000e+00   0.00000000e+00
    0.00000000e+00   1.02209372e+00]]
g matrix
0.766103700486
0
1
2
3
4
5
6
7
8
9
10
11
12
13
14
15
16
17
18
19
20
21
22
23
24
25
26
27
28
29
30
31
32
33
34
35
36
37
38
39
40
41
42
43
44
E = -7.5315787024
[[ 1.]]
Now start iteration...
res = 0.075416579549
(2, 2)
E = -7.59427115904
res = 0.0190192268496
(3, 3)
E = -7.59783321046
res = 0.00839839394068
(4, 4)
E = -7.59835784902
res = 0.002883129593
(5, 5)
E = -7.59841746491
res = 0.00103185408251
(6, 6)
E = -7.59842543298
res = 0.000478456661205
(7, 7)
E = -7.59842748218
res = 0.000264407000475
(8, 8)
E = -7.59842817715
res = 0.000134914517186
(9, 9)
E = -7.59842833978
res = 6.31486863817e-05
(10, 10)
E = -7.59842838045
res = 2.07755325528e-05
(11, 11)
E = -7.59842838425
res = 9.16102645015e-06
(12, 12)
E = -7.59842838511
res = 4.72763771878e-06
(13, 13)
E = -7.59842838537
res = 2.90080291473e-06
(14, 14)
E = -7.59842838545
res = 9.97273069698e-07
(15, 15)
E = -7.59842838546
res = 3.8354928723e-07
(16, 16)
E = -7.59842838546
res = 1.34224564815e-07
(17, 17)
E = -7.59842838546
res = 6.4065727013e-08
(18, 18)
E = -7.59842838546
res = 3.31196660378e-08
(19, 19)
E = -7.59842838546
res = 1.67877411924e-08
(20, 20)
E = -7.59842838546
res = 1.06510888852e-08
(21, 21)
E = -7.59842838546
res = 6.01246528871e-09
(22, 22)
E = -7.59842838546
res = 2.52606284471e-09
(23, 23)
E = -7.59842838546
res = 1.0332028644e-09
(24, 24)
E = -7.59842838546
res = 4.12076958725e-10
Iteration Converged.
Davidson time = 115.022413015 seconds.
E(FCI) = -5.674147618479
Benchmark
converged SCF energy = -5.60729793542028
E(FCI) = -5.674147618479

