My FCI
converged SCF energy = -1.07568569471131
mo_coeff
[[ 0.27416506  0.18125502  0.89488867 -0.9550129 ]
 [ 0.35188235  1.10507772 -0.69968697  1.16877858]
 [ 0.27416506 -0.18125502  0.89488867  0.9550129 ]
 [ 0.35188235 -1.10507772 -0.69968697 -1.16877858]]
mo_occ
[ 2.  0.  0.  0.]
mo_energy
[-0.50591823  0.14151226  0.95034356  1.10868772]
ne = 1 no = 4 ns = 4
h matrix
[[ -1.05083766e+00   0.00000000e+00  -1.24096745e-01   0.00000000e+00]
 [ -1.38777878e-17  -6.23588251e-01   3.60822483e-16   1.86496292e-01]
 [ -1.24096745e-01   1.38777878e-16   4.93564191e-02   8.32667268e-17]
 [  2.42861287e-17   1.86496292e-01   1.04083409e-16   1.24701853e-01]]
g matrix
0.544919429822
0 1 -1.94289029309e-16 4.33680868994e-19 -1.94722710178e-16
0 2 -0.316990952573 -0.316990952573 -5.55111512313e-17
0 3 -2.8449465006e-16 5.20417042793e-17 -3.3653635434e-16
1 2 3.0184188482e-16 3.72965547335e-17 2.64545330086e-16
1 3 0.368675141044 0.368675141044 -2.77555756156e-16
2 3 5.03069808033e-17 5.81132364452e-17 -7.8062556419e-18
C0
[[ 0.25  0.25  0.25  0.25]
 [ 0.25  0.25  0.25  0.25]
 [ 0.25  0.25  0.25  0.25]
 [ 0.25  0.25  0.25  0.25]]
sig1
[[-0.89685682 -0.59297648 -0.61429239 -0.44644473]
 [-0.59297648 -0.28909614 -0.31041205 -0.1425644 ]
 [-0.61429239 -0.31041205 -0.33172796 -0.16388031]
 [-0.44644473 -0.1425644  -0.16388031  0.00396735]]
sig2
[[ 0.5447348   0.26507381  0.4982126   0.35699177]
 [ 0.26507381  0.20411885  0.22242794  0.10680824]
 [ 0.4982126   0.22242794  0.52603854  0.39343437]
 [ 0.35699177  0.10680824  0.39343437  0.37696641]]
Iter  1 ==============
E = -0.179274556799
dE = -0.179274556799
|res| = 0.690653415263
Cnew
[[ 0.42012548  0.40322663  0.25542903  0.2368504 ]
 [ 0.40322663  0.23372753  0.23582552  0.19938391]
 [ 0.25542903  0.23582552  0.03885681  0.01426598]
 [ 0.2368504   0.19938391  0.01426598 -0.09135791]]
sig1
[[-1.40275503 -0.96468978 -0.61118829 -0.29106642]
 [-0.96468978 -0.29560219 -0.42756046 -0.20822783]
 [-0.61118829 -0.42756046 -0.18886243  0.00177459]
 [-0.29106642 -0.20822783  0.00177459  0.21292877]]
sig2
[[ 0.73817385  0.49826554  0.46116806  0.16688366]
 [ 0.49826554  0.1954772   0.33631331  0.15535962]
 [ 0.46116806  0.33631331  0.21820274 -0.00344101]
 [ 0.16688366  0.15535962 -0.00344101 -0.14621277]]
Iter  2 ==============
E = -0.883344782156
dE = -0.704070225357
|res| = 0.243270578432
Cnew
[[ 0.55962546  0.44867317  0.20918073  0.18626543]
 [ 0.44867317  0.1722423   0.16874442  0.13014275]
 [ 0.20918073  0.16874442  0.00490979  0.00821989]
 [ 0.18626543  0.13014275  0.00821989 -0.08155402]]
sig1
[[-1.78544003 -1.07221888 -0.56032829 -0.17944684]
 [-1.07221888 -0.23022045 -0.35743749 -0.13674117]
 [-0.56032829 -0.35743749 -0.13601894 -0.00264573]
 [-0.17944684 -0.13674117 -0.00264573  0.15480046]]
sig2
[[ 0.9055567   0.55912432  0.44253432  0.08144688]
 [ 0.55912432  0.18027803  0.28368018  0.07431668]
 [ 0.44253432  0.28368018  0.16508732 -0.0194746 ]
 [ 0.08144688  0.07431668 -0.0194746  -0.09230976]]
Iter  3 ==============
E = -1.09367706972
dE = -0.210332287563
|res| = 0.201767892988
Cnew
[[ 0.67396866  0.4502934   0.15308743  0.13309121]
 [ 0.4502934   0.10402544  0.11353774  0.09015873]
 [ 0.15308743  0.11353774 -0.0113109   0.0142051 ]
 [ 0.13309121  0.09015873  0.0142051  -0.0674408 ]]
sig1
[[-2.08758428 -1.07824964 -0.48916363 -0.08304109]
 [-1.07824964 -0.13051804 -0.2843439  -0.10440442]
 [-0.48916363 -0.2843439  -0.089217   -0.01037609]
 [-0.08304109 -0.10440442 -0.01037609  0.11513582]]
sig2
[[ 1.0281679   0.56558355  0.40257719  0.01249006]
 [ 0.56558355  0.14061932  0.22864961  0.03569958]
 [ 0.40257719  0.22864961  0.12367093 -0.01585845]
 [ 0.01249006  0.03569958 -0.01585845 -0.05383401]]
Iter  4 ==============
E = -1.25025776861
dE = -0.156580698888
|res| = 0.161388220841
Cnew
[[ 0.76046517  0.42246652  0.10514896  0.08934127]
 [ 0.42246652  0.04120611  0.07424494  0.06969612]
 [ 0.10514896  0.07424494 -0.0200778   0.01774155]
 [ 0.08934127  0.06969612  0.01774155 -0.05648155]]
sig1
[[-2.31265486 -1.01448275 -0.42640239 -0.0140323 ]
 [-1.01448275 -0.02664299 -0.22340058 -0.09676687]
 [-0.42640239 -0.22340058 -0.05275003 -0.01349503]
 [-0.0140323  -0.09676687 -0.01349503  0.09214081]]
sig2
[[ 1.11492471  0.53479756  0.36369234 -0.03469591]
 [ 0.53479756  0.09368945  0.18268321  0.0232552 ]
 [ 0.36369234  0.18268321  0.09197    -0.01329209]
 [-0.03469591  0.0232552  -0.01329209 -0.03259624]]
Iter  5 ==============
E = -1.35666005371
dE = -0.106402285101
|res| = 0.128690467315
Cnew
[[ 0.82412349  0.37967838  0.07064492  0.05810774]
 [ 0.37967838 -0.01087513  0.04838288  0.06027024]
 [ 0.07064492  0.04838288 -0.02495598  0.01874028]
 [ 0.05810774  0.06027024  0.01874028 -0.0488306 ]]
sig1
[[-2.47879131 -0.91409882 -0.38212781  0.02726665]
 [-0.91409882  0.0650349  -0.17602069 -0.10082186]
 [-0.38212781 -0.17602069 -0.02749485 -0.01383529]
 [ 0.02726665 -0.10082186 -0.01383529  0.07967062]]
sig2
[[ 1.17779726  0.48374765  0.3354424  -0.06052971]
 [ 0.48374765  0.05014091  0.14640637  0.02308369]
 [ 0.3354424   0.14640637  0.07023447 -0.01153809]
 [-0.06052971  0.02308369 -0.01153809 -0.02146199]]
Iter  6 ==============
E = -1.42778046167
dE = -0.0711204079624
|res| = 0.104701020151
Cnew
[[ 0.87057474  0.33183636  0.04806549  0.03743092]
 [ 0.33183636 -0.05163798  0.0319523   0.05653647]
 [ 0.04806549  0.0319523  -0.02773215  0.01807158]
 [ 0.03743092  0.05653647  0.01807158 -0.04384965]]
sig1
[[-2.60166759 -0.80056405 -0.35480588  0.04783335]
 [-0.80056405  0.13947581 -0.13985152 -0.10913144]
 [-0.35480588 -0.13985152 -0.01125621 -0.01286557]
 [ 0.04783335 -0.10913144 -0.01286557  0.07332386]]
sig2
[[ 1.22451369  0.42486888  0.31801242 -0.07071363]
 [ 0.42486888  0.01392103  0.11808248  0.0275744 ]
 [ 0.31801242  0.11808248  0.05644123 -0.01007482]
 [-0.07071363  0.0275744  -0.01007482 -0.01587025]]
Iter  7 ==============
E = -1.47663956699
dE = -0.0488591053209
|res| = 0.086894075113
Cnew
[[ 0.9041649   0.28460961  0.03413512  0.02426061]
 [ 0.28460961 -0.08247672  0.02160979  0.0555491 ]
 [ 0.03413512  0.02160979 -0.02933145  0.01649736]
 [ 0.02426061  0.0555491   0.01649736 -0.04074996]]
sig1
[[ -2.69204269e+00  -6.87682862e-01  -3.39549019e-01   5.51209918e-02]
 [ -6.87682862e-01   1.97148181e-01  -1.12085152e-01  -1.18067053e-01]
 [ -3.39549019e-01  -1.12085152e-01  -1.31640736e-03  -1.13904225e-02]
 [  5.51209918e-02  -1.18067053e-01  -1.13904225e-02   7.03594615e-02]]
sig2
[[ 1.25937189  0.36569938  0.30849939 -0.0711659 ]
 [ 0.36569938 -0.01451678  0.09579625  0.03317817]
 [ 0.30849939  0.09579625  0.04815341 -0.00872715]
 [-0.0711659   0.03317817 -0.00872715 -0.01322969]]
Iter  8 ==============
E = -1.51111157676
dE = -0.0344720097672
|res| = 0.0728241464905
Cnew
[[ 0.92814024  0.24092557  0.02588996  0.01600848]
 [ 0.24092557 -0.10529517  0.01505254  0.05577891]
 [ 0.02588996  0.01505254 -0.03025245  0.01454265]
 [ 0.01600848  0.05577891  0.01454265 -0.0388757 ]]
sig1
[[-2.75762526 -0.58277441 -0.33182456  0.05479839]
 [-0.58277441  0.24052973 -0.09047764 -0.12608916]
 [-0.33182456 -0.09047764  0.00454906 -0.00980969]
 [ 0.05479839 -0.12608916 -0.00980969  0.06917667]]
sig2
[[ 1.28507247  0.31034826  0.30393391 -0.06633613]
 [ 0.31034826 -0.03609664  0.07805112  0.03843026]
 [ 0.30393391  0.07805112  0.04338289 -0.00747271]
 [-0.06633613  0.03843026 -0.00747271 -0.01212117]]
Iter  9 ==============
E = -1.53566767429
dE = -0.0245560975361
|res| = 0.0611095422626
Cnew
[[ 0.94500672  0.20207532  0.02117015  0.01084327]
 [ 0.20207532 -0.12192117  0.01081683  0.05646273]
 [ 0.02117015  0.01081683 -0.03077644  0.01252758]
 [ 0.01084327  0.05646273  0.01252758 -0.03776227]]
sig1
[[-2.80444722 -0.48917895 -0.32839989  0.05060492]
 [-0.48917895  0.27251917 -0.0734272  -0.13270243]
 [-0.32839989 -0.0734272   0.00790442 -0.0083089 ]
 [ 0.05060492 -0.13270243 -0.0083089   0.06887757]]
sig2
[[ 1.30367888  0.26075943  0.30214631 -0.05912406]
 [ 0.26075943 -0.05211895  0.06377674  0.04283759]
 [ 0.30214631  0.06377674  0.04074151 -0.00632978]
 [-0.05912406  0.04283759 -0.00632978 -0.01177813]]
Iter  10 ==============
E = -1.55309678989
dE = -0.017429115594
|res| = 0.0511287918494
Cnew
[[ 0.95671442  0.16839677  0.01855075  0.007574  ]
 [ 0.16839677 -0.13390594  0.0080062   0.05723899]
 [ 0.01855075  0.0080062  -0.03106767  0.01062663]
 [ 0.007574    0.05723899  0.01062663 -0.03710708]]
sig1
[[-2.8373646  -0.4078703  -0.32724315  0.04479821]
 [-0.4078703   0.29578753 -0.05981715 -0.1378944 ]
 [-0.32724315 -0.05981715  0.00976688 -0.00696442]
 [ 0.04479821 -0.1378944  -0.00696442  0.06897723]]
sig2
[[ 1.31690611  0.21756288  0.30177202 -0.05124542]
 [ 0.21756288 -0.06384367  0.05221014  0.04633134]
 [ 0.30177202  0.05221014  0.03933774 -0.00531515]
 [-0.05124542  0.04633134 -0.00531515 -0.0117924 ]]
Iter  11 ==============
E = -1.56535247149
dE = -0.0122556816064
|res| = 0.0426024767106
Cnew
[[ 0.96475162  0.13969975  0.01714462  0.00546065]
 [ 0.13969975 -0.14248266  0.00608067  0.05795196]
 [ 0.01714462  0.00608067 -0.03122363  0.00892097]
 [ 0.00546065  0.05795196  0.00892097 -0.03672262]]
sig1
[[-2.86021059 -0.33848925 -0.32717778  0.03864221]
 [-0.33848925  0.31255528 -0.04885894 -0.14184697]
 [-0.32717778 -0.04885894  0.01076641 -0.00579815]
 [ 0.03864221 -0.14184697 -0.00579815  0.06922556]]
sig2
[[ 1.32616342  0.18063669  0.30203138 -0.04362506]
 [ 0.18063669 -0.07234072  0.04279233  0.04900928]
 [ 0.30203138  0.04279233  0.03862887 -0.00443403]
 [-0.04362506  0.04900928 -0.00443403 -0.01195217]]
Iter  12 ==============
E = -1.57388361857
dE = -0.00853114707136
|res| = 0.0353617518371
Cnew
[[ 0.97022177  0.1155322   0.01642056  0.00405495]
 [ 0.1155322  -0.14859187  0.00471649  0.05854789]
 [ 0.01642056  0.00471649 -0.03130233  0.0074367 ]
 [ 0.00405495  0.05854789  0.0074367  -0.03649632]]
sig1
[[-2.87590734 -0.28000283 -0.32756673  0.03278566]
 [-0.28000283  0.3245639  -0.03998093 -0.1447951 ]
 [-0.32756673 -0.03998093  0.01127998 -0.0048058 ]
 [ 0.03278566 -0.1447951  -0.0048058   0.06950171]]
sig2
[[ 1.3325616   0.14947155  0.30251351 -0.03670203]
 [ 0.14947155 -0.07845935  0.03510031  0.05101835]
 [ 0.30251351  0.03510031  0.03829712 -0.00368153]
 [-0.03670203  0.05101835 -0.00368153 -0.01215232]]
Iter  13 ==============
E = -1.57977050637
dE = -0.0058868878034
|res| = 0.029260946591
Cnew
[[ 0.9739208   0.09534112  0.01606966  0.00308861]
 [ 0.09534112 -0.15293126  0.00371855  0.05902055]
 [ 0.01606966  0.00371855 -0.03133799  0.00617001]
 [ 0.00308861  0.05902055  0.00617001 -0.03636198]]
sig1
[[-2.88660973 -0.23110785 -0.32808823  0.02751886]
 [-0.23110785  0.33313008 -0.03275686 -0.14696345]
 [-0.32808823 -0.03275686  0.01152716 -0.00397159]
 [ 0.02751886 -0.14696345 -0.00397159  0.06975329]]
sig2
[[ 1.33694071  0.12339642  0.30302053 -0.03063667]
 [ 0.12339642 -0.08284712  0.0288054   0.05250414]
 [ 0.30302053  0.0288054   0.03816221 -0.00304656]
 [-0.03063667  0.05250414 -0.00304656 -0.01234462]]
Iter  14 ==============
E = -1.58380528219
dE = -0.00403477582506
|res| = 0.0241568816215
Cnew
[[ 0.97641019  0.07856371  0.01591658  0.00240135]
 [ 0.07856371 -0.1560089   0.00296763  0.05938338]
 [ 0.01591658  0.00296763 -0.03135055  0.00510267]
 [ 0.00240135  0.05938338  0.00510267 -0.0362811 ]]
sig1
[[-2.89386498 -0.19046163 -0.32859427  0.0229346 ]
 [-0.19046163  0.33922585 -0.02686089 -0.14854272]
 [-0.32859427 -0.02686089  0.01163291 -0.00327575]
 [ 0.0229346  -0.14854272 -0.00327575  0.06996248]]
sig2
[[ 1.33991528  0.10170858  0.3034694  -0.02544018]
 [ 0.10170858 -0.08598555  0.02364723  0.05359212]
 [ 0.3034694   0.02364723  0.0381248  -0.00251526]
 [-0.02544018  0.05359212 -0.00251526 -0.01251018]]
Iter  15 ==============
E = -1.58655696287
dE = -0.00275168067188
|res| = 0.0199103832291
Cnew
[[ 0.97807956  0.06467424  0.01586407  0.00189671]
 [ 0.06467424 -0.15819026  0.0023893   0.05965591]
 [ 0.01586407  0.0023893  -0.03135141  0.00421082]
 [ 0.00189671  0.05965591  0.00421082 -0.03623149]]
sig1
[[ -2.89876208e+00  -1.56801961e-01  -3.29027441e-01   1.90238507e-02]
 [ -1.56801961e-01   3.43557707e-01  -2.20388824e-02  -1.49685002e-01]
 [ -3.29027441e-01  -2.20388824e-02   1.16667932e-02  -2.69828009e-03]
 [  1.90238507e-02  -1.49685002e-01  -2.69828009e-03   7.01276310e-02]]
sig2
[[ 1.3419238   0.08374209  0.30383484 -0.02105106]
 [ 0.08374209 -0.0882269   0.01941702  0.05438326]
 [ 0.30383484  0.01941702  0.03813184 -0.0020733 ]
 [-0.02105106  0.05438326 -0.0020733  -0.01264455]]
Iter  16 ==============
E = -1.58842702885
dE = -0.00187006598284
|res| = 0.0163917362193
Cnew
[[ 0.97919599  0.05320436  0.0158595   0.00151575]
 [ 0.05320436 -0.15973621  0.00193573  0.05985753]
 [ 0.0158595   0.00193573 -0.03134689  0.00346975]
 [ 0.00151575  0.05985753  0.00346975 -0.03620036]]
sig1
[[ -2.90205648e+00  -1.29000360e-01  -3.29374431e-01   1.57301196e-02]
 [ -1.29000360e-01   3.46633994e-01  -1.80896295e-02  -1.50507116e-01]
 [ -3.29374431e-01  -1.80896295e-02   1.16665642e-02  -2.22064930e-03]
 [  1.57301196e-02  -1.50507116e-01  -2.22064930e-03   7.02538319e-02]]
sig2
[[ 1.34327354  0.06889882  0.30411812 -0.01737811]
 [ 0.06889882 -0.08982622  0.01594591  0.05495568]
 [ 0.30411812  0.01594591  0.03815606 -0.00170714]
 [-0.01737811  0.05495568 -0.00170714 -0.0127497 ]]
Iter  17 ==============
E = -1.58969488694
dE = -0.00126785809334
|res| = 0.0134845487367
Cnew
[[ 0.97994101  0.04374863  0.01587526  0.00122155]
 [ 0.04374863 -0.16083212  0.00157512  0.06000508]
 [ 0.01587526  0.00157512 -0.03134043  0.00285627]
 [ 0.00122155  0.06000508  0.00285627 -0.03618031]]
sig1
[[ -2.90426685e+00  -1.06077689e-01  -3.29641373e-01   1.29790638e-02]
 [ -1.06077689e-01   3.48818149e-01  -1.48520372e-02  -1.51096695e-01]
 [ -3.29641373e-01  -1.48520372e-02   1.16520942e-02  -1.82648198e-03]
 [  1.29790638e-02  -1.51096695e-01  -1.82648198e-03   7.03481643e-02]]
sig2
[[ 1.34417694  0.05665839  0.30433085 -0.01432321]
 [ 0.05665839 -0.09096696  0.01309663  0.05536835]
 [ 0.30433085  0.01309663  0.0381842  -0.00140459]
 [-0.01432321  0.05536835 -0.00140459 -0.01283003]]
Iter  18 ==============
E = -1.59055306729
dE = -0.000858180345346
|res| = 0.0110872974326
Cnew
[[ 0.98043728  0.03596228  0.01589747  0.00099034]
 [ 0.03596228 -0.16160934  0.00128557  0.0601122 ]
 [ 0.01589747  0.00128557 -0.03133375  0.00234968]
 [ 0.00099034  0.0601122   0.00234968 -0.03616706]]
sig1
[[ -2.90574666e+00  -8.72002266e-02  -3.29841310e-01   1.06938510e-02]
 [ -8.72002266e-02   3.50368992e-01  -1.21961130e-02  -1.51518429e-01]
 [ -3.29841310e-01  -1.21961130e-02   1.16333815e-02  -1.50168010e-03]
 [  1.06938510e-02  -1.51518429e-01  -1.50168010e-03   7.04175904e-02]]
sig2
[[  1.34477950e+00   4.65769372e-02   3.04487145e-01  -1.17926737e-02]
 [  4.65769372e-02  -9.17804984e-02   1.07571973e-02   5.56650825e-02]
 [  3.04487145e-01   1.07571973e-02   3.82103845e-02  -1.15508435e-03]
 [ -1.17926737e-02   5.56650825e-02  -1.15508435e-03  -1.28903835e-02]]
Iter  19 ==============
E = -1.59113331935
dE = -0.000580252060107
|res| = 0.00911316514232
Cnew
[[  9.80767334e-01   2.95555579e-02   1.59196458e-02   8.06241868e-04]
 [  2.95555579e-02  -1.62160853e-01   1.05141950e-03   6.01895201e-02]
 [  1.59196458e-02   1.05141950e-03  -3.13276593e-02   1.93206422e-03]
 [  8.06241868e-04   6.01895201e-02   1.93206422e-03  -3.61580687e-02]]
sig1
[[ -2.90673550e+00  -7.16666068e-02  -3.29988289e-01   8.80251288e-03]
 [ -7.16666068e-02   3.51470418e-01  -1.00163753e-02  -1.51819547e-01]
 [ -3.29988289e-01  -1.00163753e-02   1.16151059e-02  -1.23430543e-03]
 [  8.80251288e-03  -1.51819547e-01  -1.23430543e-03   7.04681152e-02]]
sig2
[[  1.34518014e+00   3.82806249e-02   3.04600180e-01  -9.70219233e-03]
 [  3.82806249e-02  -9.23607162e-02   8.83606621e-03   5.58780289e-02]
 [  3.04600180e-01   8.83606621e-03   3.82324758e-02  -9.49572121e-04]
 [ -9.70219233e-03   5.58780289e-02  -9.49572121e-04  -1.29351808e-02]]
Iter  20 ==============
E = -1.59152537344
dE = -0.000392054096959
|res| = 0.00748890779186
Cnew
[[  9.80986502e-01   2.42867677e-02   1.59391056e-02   6.58250733e-04]
 [  2.42867677e-02  -1.62552428e-01   8.61139937e-04   6.02450824e-02]
 [  1.59391056e-02   8.61139937e-04  -3.13224658e-02   1.58818679e-03]
 [  6.58250733e-04   6.02450824e-02   1.58818679e-03  -3.61518266e-02]]
sig1
[[ -2.90739514e+00  -5.88914630e-02  -3.30094888e-01   7.24097523e-03]
 [ -5.88914630e-02   3.52252927e-01  -8.22690084e-03  -1.52034263e-01]
 [ -3.30094888e-01  -8.22690084e-03   1.15991700e-02  -1.01435294e-03]
 [  7.24097523e-03  -1.52034263e-01  -1.01435294e-03   7.05045805e-02]]
sig2
[[  1.34544572e+00   3.14572328e-02   3.04680982e-01  -7.97838876e-03]
 [  3.14572328e-02  -9.27745894e-02   7.25825967e-03   5.60306341e-02]
 [  3.04680982e-01   7.25825967e-03   3.82501294e-02  -7.80443436e-04]
 [ -7.97838876e-03   5.60306341e-02  -7.80443436e-04  -1.29681384e-02]]
Iter  21 ==============
E = -1.59179014705
dE = -0.000264773601328
|res| = 0.00615329275415
Cnew
[[  9.81131821e-01   1.99553266e-02   1.59550837e-02   5.38484120e-04]
 [  1.99553266e-02  -1.62830612e-01   7.05977862e-04   6.02848783e-02]
 [  1.59550837e-02   7.05977862e-04  -3.13182102e-02   1.30524422e-03]
 [  5.38484120e-04   6.02848783e-02   1.30524422e-03  -3.61474077e-02]]
sig1
[[ -2.90783446e+00  -4.83887950e-02  -3.30171433e-01   5.95383751e-03]
 [ -4.83887950e-02   3.52809078e-01  -6.75751092e-03  -1.52187231e-01]
 [ -3.30171433e-01  -6.75751092e-03   1.15860914e-02  -8.33493893e-04]
 [  5.95383751e-03  -1.52187231e-01  -8.33493893e-04   7.05307358e-02]]
sig2
[[  1.34562125e+00   2.58474104e-02   3.04738237e-01  -6.55869021e-03]
 [  2.58474104e-02  -9.30698676e-02   5.96232161e-03   5.61398839e-02]
 [  3.04738237e-01   5.96232161e-03   3.82637653e-02  -6.41337627e-04]
 [ -6.55869021e-03   5.61398839e-02  -6.41337627e-04  -1.29922245e-02]]
Iter  22 ==============
E = -1.59196890881
dE = -0.000178761764117
|res| = 0.00505543962333
Cnew
[[  9.81228023e-01   1.63953232e-02   1.59676880e-02   4.41101822e-04]
 [  1.63953232e-02  -1.63028353e-01   5.79153547e-04   6.03133113e-02]
 [  1.59676880e-02   5.79153547e-04  -3.13148161e-02   1.07255925e-03]
 [  4.41101822e-04   6.03133113e-02   1.07255925e-03  -3.61442306e-02]]
sig1
[[ -2.90812658e+00  -3.97565064e-02  -3.30225984e-01   4.89404820e-03]
 [ -3.97565064e-02   3.53204511e-01  -5.55078125e-03  -1.52296141e-01]
 [ -3.30225984e-01  -5.55078125e-03   1.15757486e-02  -6.84825481e-04]
 [  4.89404820e-03  -1.52296141e-01  -6.84825481e-04   7.05494087e-02]]
sig2
[[  1.34573693e+00   2.12365121e-02   3.04778531e-01  -5.39041451e-03]
 [  2.12365121e-02  -9.32805825e-02   4.89784104e-03   5.62180374e-02]
 [  3.04778531e-01   4.89784104e-03   3.82740601e-02  -5.26970005e-04]
 [ -5.39041451e-03   5.62180374e-02  -5.26970005e-04  -1.30097385e-02]]
Iter  23 ==============
E = -1.59208957708
dE = -0.000120668275383
|res| = 0.0041532403293
Cnew
[[  9.81291606e-01   1.34698340e-02   1.59773736e-02   3.61661902e-04]
 [  1.34698340e-02  -1.63168988e-01   4.75324287e-04   6.03335885e-02]
 [  1.59773736e-02   4.75324287e-04  -3.13121605e-02   8.81271639e-04]
 [  3.61661902e-04   6.03335885e-02   8.81271639e-04  -3.61419195e-02]]
sig1
[[ -2.90832051e+00  -3.26626942e-02  -3.30264639e-01   4.02209741e-03]
 [ -3.26626942e-02   3.53485789e-01  -4.55966487e-03  -1.52373652e-01]
 [ -3.30264639e-01  -4.55966487e-03   1.15677680e-02  -5.62643380e-04]
 [  4.02209741e-03  -1.52373652e-01  -5.62643380e-04   7.05626927e-02]]
sig2
[[  1.34581291e+00   1.74473245e-02   3.04806741e-01  -4.42957175e-03]
 [  1.74473245e-02  -9.34309873e-02   4.02344749e-03   5.62739160e-02]
 [  3.04806741e-01   4.02344749e-03   3.82817090e-02  -4.32966106e-04]
 [ -4.42957175e-03   5.62739160e-02  -4.32966106e-04  -1.30224243e-02]]
Iter  24 ==============
E = -1.59217102142
dE = -8.14443322885e-05
|res| = 0.00341193924528
Cnew
[[  9.81333553e-01   1.10660279e-02   1.59846826e-02   2.96713358e-04]
 [  1.10660279e-02  -1.63269060e-01   3.90227254e-04   6.03480299e-02]
 [  1.59846826e-02   3.90227254e-04  -3.13101120e-02   7.24053384e-04]
 [  2.96713358e-04   6.03480299e-02   7.24053384e-04  -3.61402245e-02]]
sig1
[[ -2.90844903e+00  -2.68338234e-02  -3.30291911e-01   3.30505116e-03]
 [ -2.68338234e-02   3.53685947e-01  -3.74558378e-03  -1.52428805e-01]
 [ -3.30291911e-01  -3.74558378e-03   1.15617147e-02  -4.62242838e-04]
 [  3.30505116e-03  -1.52428805e-01  -4.62242838e-04   7.05721181e-02]]
sig2
[[  1.34586266e+00   1.43337771e-02   3.04826409e-01  -3.63962866e-03]
 [  1.43337771e-02  -9.35383693e-02   3.30517890e-03   5.63138537e-02]
 [  3.04826409e-01   3.30517890e-03   3.82873263e-02  -3.55713900e-04]
 [ -3.63962866e-03   5.63138537e-02  -3.55713900e-04  -1.30315858e-02]]
Iter  25 ==============
E = -1.59222598787
dE = -5.49664552434e-05
|res| = 0.00280289926151
Cnew
[[  9.81361173e-01   9.09102125e-03   1.59901269e-02   2.43531383e-04]
 [  9.09102125e-03  -1.63340301e-01   3.20430734e-04   6.03583049e-02]
 [  1.59901269e-02   3.20430734e-04  -3.13085490e-02   5.94857112e-04]
 [  2.43531383e-04   6.03583049e-02   5.94857112e-04  -3.61389745e-02]]
sig1
[[ -2.90853406e+00  -2.20446989e-02  -3.30311088e-01   2.71558928e-03]
 [ -2.20446989e-02   3.53828435e-01  -3.07688591e-03  -1.52468045e-01]
 [ -3.30311088e-01  -3.07688591e-03   1.15571801e-02  -3.79748572e-04]
 [  2.71558928e-03  -1.52468045e-01  -3.79748572e-04   7.05787926e-02]]
sig2
[[  1.34589511e+00   1.17756018e-02   3.04840077e-01  -2.99035335e-03]
 [  1.17756018e-02  -9.36150522e-02   2.71514884e-03   5.63423909e-02]
 [  3.04840077e-01   2.71514884e-03   3.82914164e-02  -2.92235881e-04]
 [ -2.99035335e-03   5.63423909e-02  -2.92235881e-04  -1.30381867e-02]]
Iter  26 ==============
E = -1.59226308295
dE = -3.70950796147e-05
|res| = 0.00230255130123
Cnew
[[  9.81379320e-01   7.46840363e-03   1.59941435e-02   1.99938840e-04]
 [  7.46840363e-03  -1.63391040e-01   2.63154616e-04   6.03656107e-02]
 [  1.59941435e-02   2.63154616e-04  -3.13073665e-02   4.88699706e-04]
 [  1.99938840e-04   6.03656107e-02   4.88699706e-04  -3.61380497e-02]]
sig1
[[ -2.90859020e+00  -1.81100543e-02  -3.30324538e-01   2.23112113e-03]
 [ -1.81100543e-02   3.53929907e-01  -2.52759134e-03  -1.52495963e-01]
 [ -3.30324538e-01  -2.52759134e-03   1.15538142e-02  -3.11971318e-04]
 [  2.23112113e-03  -1.52495963e-01  -3.11971318e-04   7.05835122e-02]]
sig2
[[  1.34591619e+00   9.67384819e-03   3.04849553e-01  -2.45678827e-03]
 [  9.67384819e-03  -9.36698244e-02   2.23045622e-03   5.63627789e-02]
 [  3.04849553e-01   2.23045622e-03   3.82943754e-02  -2.40080354e-04]
 [ -2.45678827e-03   5.63627789e-02  -2.40080354e-04  -1.30429343e-02]]
Iter  27 ==============
E = -1.59228811662
dE = -2.50336693932e-05
|res| = 0.00189151150617
Cnew
[[  9.81391213e-01   6.13534475e-03   1.59970857e-02   1.64181294e-04]
 [  6.13534475e-03  -1.63427191e-01   2.16136751e-04   6.03708028e-02]
 [  1.59970857e-02   2.16136751e-04  -3.13064780e-02   4.01479107e-04]
 [  1.64181294e-04   6.03708028e-02   4.01479107e-04  -3.61373643e-02]]
sig1
[[ -2.90862719e+00  -1.48775447e-02  -3.30333954e-01   1.83300677e-03]
 [ -1.48775447e-02   3.54002196e-01  -2.07637007e-03  -1.52515828e-01]
 [ -3.30333954e-01  -2.07637007e-03   1.15513333e-02  -2.56287937e-04]
 [  1.83300677e-03  -1.52515828e-01  -2.56287937e-04   7.05868462e-02]]
sig2
[[  1.34592982e+00   7.94714556e-03   3.04856108e-01  -2.01836305e-03]
 [  7.94714556e-03  -9.37089544e-02   1.83229212e-03   5.63773436e-02]
 [  3.04856108e-01   1.83229212e-03   3.82965057e-02  -1.97230106e-04]
 [ -2.01836305e-03   5.63773436e-02  -1.97230106e-04  -1.30463443e-02]]
Iter  28 ==============
E = -1.59230501042
dE = -1.68937951199e-05
|res| = 0.00155384543295
Cnew
[[  9.81398987e-01   5.04019707e-03   1.59992290e-02   1.34836430e-04]
 [  5.04019707e-03  -1.63452958e-01   1.77530863e-04   6.03744919e-02]
 [  1.59992290e-02   1.77530863e-04  -3.13058142e-02   3.29820802e-04]
 [  1.34836430e-04   6.03744919e-02   3.29820802e-04  -3.61368561e-02]]
sig1
[[ -2.90865151e+00  -1.22219366e-02  -3.30340537e-01   1.50588819e-03]
 [ -1.22219366e-02   3.54053711e-01  -1.70570656e-03  -1.52529964e-01]
 [ -3.30340537e-01  -1.70570656e-03   1.15495145e-02  -2.10541771e-04]
 [  1.50588819e-03  -1.52529964e-01  -2.10541771e-04   7.05891997e-02]]
sig2
[[  1.34593859e+00   6.52860200e-03   3.04860637e-01  -1.65814159e-03]
 [  6.52860200e-03  -9.37369146e-02   1.50520751e-03   5.63877480e-02]
 [  3.04860637e-01   1.50520751e-03   3.82980336e-02  -1.62026259e-04]
 [ -1.65814159e-03   5.63877480e-02  -1.62026259e-04  -1.30487908e-02]]
Iter  29 ==============
E = -1.59231641101
dE = -1.14005912328e-05
|res| = 0.0012764580266
Cnew
[[  9.81404052e-01   4.14051420e-03   1.60007839e-02   1.10746357e-04]
 [  4.14051420e-03  -1.63471329e-01   1.45826953e-04   6.03771126e-02]
 [  1.60007839e-02   1.45826953e-04  -3.13053205e-02   2.70950050e-04]
 [  1.10746357e-04   6.03771126e-02   2.70950050e-04  -3.61364794e-02]]
sig1
[[ -2.90866746e+00  -1.00403057e-02  -3.30345134e-01   1.23712360e-03]
 [ -1.00403057e-02   3.54090435e-01  -1.40121572e-03  -1.52540025e-01]
 [ -3.30345134e-01  -1.40121572e-03   1.15481866e-02  -1.72960164e-04]
 [  1.23712360e-03  -1.52540025e-01  -1.72960164e-04   7.05908603e-02]]
sig2
[[  1.34594420e+00   5.36324059e-03   3.04863762e-01  -1.36219002e-03]
 [  5.36324059e-03  -9.37568970e-02   1.23651241e-03   5.63951805e-02]
 [  3.04863762e-01   1.23651241e-03   3.82991265e-02  -1.33105082e-04]
 [ -1.36219002e-03   5.63951805e-02  -1.33105082e-04  -1.30505447e-02]]
Iter  30 ==============
E = -1.59232410456
dE = -7.6935481188e-06
|res| = 0.00104858959586
Cnew
[[  9.81407341e-01   3.40141667e-03   1.60019083e-02   9.09657274e-05]
 [  3.40141667e-03  -1.63484432e-01   1.19788296e-04   6.03789744e-02]
 [  1.60019083e-02   1.19788296e-04  -3.13049548e-02   2.22585971e-04]
 [  9.09657274e-05   6.03789744e-02   2.22585971e-04  -3.61362005e-02]]
sig1
[[ -2.90867788e+00  -8.24807481e-03  -3.30348342e-01   1.01631386e-03]
 [ -8.24807481e-03   3.54116621e-01  -1.15108248e-03  -1.52547187e-01]
 [ -3.30348342e-01  -1.15108248e-03   1.15472204e-02  -1.42086350e-04]
 [  1.01631386e-03  -1.52547187e-01  -1.42086350e-04   7.05920319e-02]]
sig2
[[  1.34594776e+00   4.40588398e-03   3.04865917e-01  -1.11905016e-03]
 [  4.40588398e-03  -9.37711802e-02   1.01578288e-03   5.64004902e-02]
 [  3.04865917e-01   1.01578288e-03   3.82999065e-02  -1.09345739e-04]
 [ -1.11905016e-03   5.64004902e-02  -1.09345739e-04  -1.30518012e-02]]
Iter  31 ==============
E = -1.59232929645
dE = -5.19189698633e-06
|res| = 0.000861400283232
Cnew
[[  9.81409468e-01   2.79424563e-03   1.60027193e-02   7.47212000e-05]
 [  2.79424563e-03  -1.63493780e-01   9.84010048e-05   6.03802971e-02]
 [  1.60027193e-02   9.84010048e-05  -3.13046848e-02   1.82854040e-04]
 [  7.47212000e-05   6.03802971e-02   1.82854040e-04  -3.61359942e-02]]
sig1
[[ -2.90868468e+00  -6.77575045e-03  -3.30350580e-01   8.34908377e-04]
 [ -6.77575045e-03   3.54135298e-01  -9.45602053e-04  -1.52552287e-01]
 [ -3.30350580e-01  -9.45602053e-04   1.15465191e-02  -1.16723308e-04]
 [  8.34908377e-04  -1.52552287e-01  -1.16723308e-04   7.05928583e-02]]
sig2
[[  1.34595001e+00   3.61941140e-03   3.04867402e-01  -9.19302760e-04]
 [  3.61941140e-03  -9.37813912e-02   8.34456113e-04   5.64042837e-02]
 [  3.04867402e-01   8.34456113e-04   3.83004624e-02  -8.98271745e-05]
 [ -9.19302760e-04   5.64042837e-02  -8.98271745e-05  -1.30527010e-02]]
Iter  32 ==============
E = -1.59233280015
dE = -3.5036928705e-06
|res| = 0.000707627971669
Cnew
[[  9.81410836e-01   2.29545497e-03   1.60033032e-02   6.13792886e-05]
 [  2.29545497e-03  -1.63500450e-01   8.08333302e-05   6.03812369e-02]
 [  1.60033032e-02   8.08333302e-05  -3.13044861e-02   1.50213902e-04]
 [  6.13792886e-05   6.03812369e-02   1.50213902e-04  -3.61358418e-02]]
sig1
[[ -2.90868909e+00  -5.56623637e-03  -3.30352142e-01   6.85878556e-04]
 [ -5.56623637e-03   3.54148624e-01  -7.76802690e-04  -1.52555919e-01]
 [ -3.30352142e-01  -7.76802690e-04   1.15460113e-02  -9.58875250e-05]
 [  6.85878556e-04  -1.52555919e-01  -9.58875250e-05   7.05934414e-02]]
sig2
[[  1.34595140e+00   2.97332407e-03   3.04868425e-01  -7.55206370e-04]
 [  2.97332407e-03  -9.37886920e-02   6.85498099e-04   5.64069941e-02]
 [  3.04868425e-01   6.85498099e-04   3.83008580e-02  -7.37925808e-05]
 [ -7.55206370e-04   5.64069941e-02  -7.37925808e-05  -1.30533452e-02]]
Iter  33 ==============
E = -1.59233516458
dE = -2.36443164359e-06
|res| = 0.000581306898869
Cnew
[[  9.81411713e-01   1.88570001e-03   1.60037228e-02   5.04205948e-05]
 [  1.88570001e-03  -1.63505212e-01   6.64026374e-05   6.03819049e-02]
 [  1.60037228e-02   6.64026374e-05  -3.13043401e-02   1.23399921e-04]
 [  5.04205948e-05   6.03819049e-02   1.23399921e-04  -3.61357295e-02]]
sig1
[[ -2.90869194e+00  -4.57262410e-03  -3.30353231e-01   5.63448074e-04]
 [ -4.57262410e-03   3.54158133e-01  -6.38136041e-04  -1.52558506e-01]
 [ -3.30353231e-01  -6.38136041e-04   1.15456441e-02  -7.87709631e-05]
 [  5.63448074e-04  -1.52558506e-01  -7.87709631e-05   7.05938528e-02]]
sig2
[[  1.34595226e+00   2.44256506e-03   3.04869129e-01  -6.20399475e-04]
 [  2.44256506e-03  -9.37939128e-02   5.63130572e-04   5.64089309e-02]
 [  3.04869129e-01   5.63130572e-04   3.83011394e-02  -6.06201550e-05]
 [ -6.20399475e-04   5.64089309e-02  -6.06201550e-05  -1.30538062e-02]]
Iter  34 ==============
E = -1.59233676019
dE = -1.59561573798e-06
|res| = 0.000477536334315
Cnew
[[  9.81412270e-01   1.54908832e-03   1.60040241e-02   4.14189952e-05]
 [  1.54908832e-03  -1.63508611e-01   5.45485032e-05   6.03823796e-02]
 [  1.60040241e-02   5.45485032e-05  -3.13042331e-02   1.01372249e-04]
 [  4.14189952e-05   6.03823796e-02   1.01372249e-04  -3.61356467e-02]]
sig1
[[ -2.90869378e+00  -3.75637635e-03  -3.30353991e-01   4.62870392e-04]
 [ -3.75637635e-03   3.54164921e-01  -5.24222900e-04  -1.52560350e-01]
 [ -3.30353991e-01  -5.24222900e-04   1.15453789e-02  -6.47097737e-05]
 [  4.62870392e-04  -1.52560350e-01  -6.47097737e-05   7.05941432e-02]]
sig2
[[  1.34595278e+00   2.00654897e-03   3.04869614e-01  -5.09655033e-04]
 [  2.00654897e-03  -9.37976466e-02   4.62606810e-04   5.64103150e-02]
 [  3.04869614e-01   4.62606810e-04   3.83013394e-02  -4.97990398e-05]
 [ -5.09655033e-04   5.64103150e-02  -4.97990398e-05  -1.30541360e-02]]
Iter  35 ==============
E = -1.59233783698
dE = -1.07678905681e-06
|res| = 0.000392290476905
Cnew
[[  9.81412622e-01   1.27256386e-03   1.60042402e-02   3.40247436e-05]
 [  1.27256386e-03  -1.63511039e-01   4.48107427e-05   6.03827172e-02]
 [  1.60042402e-02   4.48107427e-05  -3.13041549e-02   8.32765866e-05]
 [  3.40247436e-05   6.03827172e-02   8.32765866e-05  -3.61355859e-02]]
sig1
[[ -2.90869496e+00  -3.08583371e-03  -3.30354521e-01   3.80245525e-04]
 [ -3.08583371e-03   3.54169767e-01  -4.30644409e-04  -1.52561664e-01]
 [ -3.30354521e-01  -4.30644409e-04   1.15451877e-02  -5.31585822e-05]
 [  3.80245525e-04  -1.52561664e-01  -5.31585822e-05   7.05943482e-02]]
sig2
[[  1.34595309e+00   1.64836430e-03   3.04869949e-01  -4.18678460e-04]
 [  1.64836430e-03  -9.38003172e-02   3.80027464e-04   5.64113042e-02]
 [  3.04869949e-01   3.80027464e-04   3.83014815e-02  -4.09095416e-05]
 [ -4.18678460e-04   5.64113042e-02  -4.09095416e-05  -1.30543720e-02]]
Iter  36 ==============
E = -1.59233856365
dE = -7.2666400186e-07
|res| = 0.000322262259842
Cnew
[[  9.81412842e-01   1.04540092e-03   1.60043951e-02   2.79506989e-05]
 [  1.04540092e-03  -1.63512773e-01   3.68114275e-05   6.03829573e-02]
 [  1.60043951e-02   3.68114275e-05  -3.13040978e-02   6.84110878e-05]
 [  2.79506989e-05   6.03829573e-02   6.84110878e-05  -3.61355413e-02]]
sig1
[[ -2.90869570e+00  -2.53498750e-03  -3.30354891e-01   3.12369259e-04]
 [ -2.53498750e-03   3.54173227e-01  -3.53770579e-04  -1.52562601e-01]
 [ -3.30354891e-01  -3.53770579e-04   1.15450499e-02  -4.36693524e-05]
 [  3.12369259e-04  -1.52562601e-01  -4.36693524e-05   7.05944931e-02]]
sig2
[[  1.34595327e+00   1.35411801e-03   3.04870179e-01  -3.43941448e-04]
 [  1.35411801e-03  -9.38022276e-02   3.12189272e-04   5.64120113e-02]
 [  3.04870179e-01   3.12189272e-04   3.83015824e-02  -3.36068700e-05]
 [ -3.43941448e-04   5.64120113e-02  -3.36068700e-05  -1.30545408e-02]]
Iter  37 ==============
E = -1.59233905403
dE = -4.90385088758e-07
|res| = 0.000264735030224
Cnew
[[  9.81412977e-01   8.58788256e-04   1.60045061e-02   2.29610730e-05]
 [  8.58788256e-04  -1.63514012e-01   3.02401540e-05   6.03831281e-02]
 [  1.60045061e-02   3.02401540e-05  -3.13040561e-02   5.61991708e-05]
 [  2.29610730e-05   6.03831281e-02   5.61991708e-05  -3.61355086e-02]]
sig1
[[ -2.90869618e+00  -2.08247140e-03  -3.30355150e-01   2.56609128e-04]
 [ -2.08247140e-03   3.54175699e-01  -2.90619441e-04  -1.52563269e-01]
 [ -3.30355150e-01  -2.90619441e-04   1.15449507e-02  -3.58740174e-05]
 [  2.56609128e-04  -1.52563269e-01  -3.58740174e-05   7.05945954e-02]]
sig2
[[  1.34595336e+00   1.11239684e-03   3.04870338e-01  -2.82545335e-04]
 [  1.11239684e-03  -9.38035943e-02   2.56460797e-04   5.64125168e-02]
 [  3.04870338e-01   2.56460797e-04   3.83016541e-02  -2.76077740e-05]
 [ -2.82545335e-04   5.64125168e-02  -2.76077740e-05  -1.30546616e-02]]
Iter  38 ==============
E = -1.59233938497
dE = -3.30933984882e-07
|res| = 0.000217477135725
Cnew
[[  9.81413060e-01   7.05487400e-04   1.60045856e-02   1.88622213e-05]
 [  7.05487400e-04  -1.63514897e-01   2.48419620e-05   6.03832496e-02]
 [  1.60045856e-02   2.48419620e-05  -3.13040258e-02   4.61671647e-05]
 [  1.88622213e-05   6.03832496e-02   4.61671647e-05  -3.61354847e-02]]
sig1
[[ -2.90869647e+00  -1.71073293e-03  -3.30355331e-01   2.10802457e-04]
 [ -1.71073293e-03   3.54177465e-01  -2.38741351e-04  -1.52563745e-01]
 [ -3.30355331e-01  -2.38741351e-04   1.15448793e-02  -2.94702087e-05]
 [  2.10802457e-04  -1.52563745e-01  -2.94702087e-05   7.05946678e-02]]
sig2
[[  1.34595341e+00   9.13824760e-04   3.04870447e-01  -2.32108787e-04]
 [  9.13824760e-04  -9.38045721e-02   2.10680342e-04   5.64128782e-02]
 [  3.04870447e-01   2.10680342e-04   3.83017051e-02  -2.26795603e-05]
 [ -2.32108787e-04   5.64128782e-02  -2.26795603e-05  -1.30547480e-02]]
Iter  39 ==============
E = -1.59233960829
dE = -2.23329395199e-07
|res| = 0.00017865533196
Cnew
[[  9.81413109e-01   5.79551977e-04   1.60046425e-02   1.54950959e-05]
 [  5.79551977e-04  -1.63515529e-01   2.04074229e-05   6.03833361e-02]
 [  1.60046425e-02   2.04074229e-05  -3.13040038e-02   3.79259460e-05]
 [  1.54950959e-05   6.03833361e-02   3.79259460e-05  -3.61354672e-02]]
sig1
[[ -2.90869665e+00  -1.40535275e-03  -3.30355457e-01   1.73172558e-04]
 [ -1.40535275e-03   3.54178726e-01  -1.96123961e-04  -1.52564085e-01]
 [ -3.30355457e-01  -1.96123961e-04   1.15448280e-02  -2.42095302e-05]
 [  1.73172558e-04  -1.52564085e-01  -2.42095302e-05   7.05947189e-02]]
sig2
[[  1.34595344e+00   7.50699381e-04   3.04870523e-01  -1.90675502e-04]
 [  7.50699381e-04  -9.38052718e-02   1.73072095e-04   5.64131365e-02]
 [  3.04870523e-01   1.73072095e-04   3.83017413e-02  -1.86310705e-05]
 [ -1.90675502e-04   5.64131365e-02  -1.86310705e-05  -1.30548098e-02]]
Iter  40 ==============
E = -1.59233975901
dE = -1.50713014957e-07
|res| = 0.00014676365125
Cnew
[[  9.81413138e-01   4.76097058e-04   1.60046832e-02   1.27290569e-05]
 [  4.76097058e-04  -1.63515981e-01   1.67645032e-05   6.03833977e-02]
 [  1.60046832e-02   1.67645032e-05  -3.13039878e-02   3.11558489e-05]
 [  1.27290569e-05   6.03833977e-02   3.11558489e-05  -3.61354545e-02]]
sig1
[[ -2.90869676e+00  -1.15448543e-03  -3.30355546e-01   1.42259855e-04]
 [ -1.15448543e-03   3.54179628e-01  -1.61114148e-04  -1.52564327e-01]
 [ -3.30355546e-01  -1.61114148e-04   1.15447910e-02  -1.98879254e-05]
 [  1.42259855e-04  -1.52564327e-01  -1.98879254e-05   7.05947552e-02]]
sig2
[[  1.34595344e+00   6.16693213e-04   3.04870575e-01  -1.56638362e-04]
 [  6.16693213e-04  -9.38057724e-02   1.42177245e-04   5.64133213e-02]
 [  3.04870575e-01   1.42177245e-04   3.83017670e-02  -1.53052684e-05]
 [ -1.56638362e-04   5.64133213e-02  -1.53052684e-05  -1.30548540e-02]]
Iter  41 ==============
E = -1.59233986072
dE = -1.017081801e-07
|res| = 0.000120564972276
Cnew
[[  9.81413154e-01   3.91109701e-04   1.60047123e-02   1.04567937e-05]
 [  3.91109701e-04  -1.63516304e-01   1.37718850e-05   6.03834416e-02]
 [  1.60047123e-02   1.37718850e-05  -3.13039762e-02   2.55942684e-05]
 [  1.04567937e-05   6.03834416e-02   2.55942684e-05  -3.61354452e-02]]
sig1
[[ -2.90869683e+00  -9.48400007e-04  -3.30355607e-01   1.16865300e-04]
 [ -9.48400007e-04   3.54180272e-01  -1.32353891e-04  -1.52564500e-01]
 [ -3.30355607e-01  -1.32353891e-04   1.15447645e-02  -1.63377627e-05]
 [  1.16865300e-04  -1.52564500e-01  -1.63377627e-05   7.05947808e-02]]
sig2
[[  1.34595344e+00   5.06608255e-04   3.04870611e-01  -1.28677113e-04]
 [  5.06608255e-04  -9.38061307e-02   1.16797391e-04   5.64134535e-02]
 [  3.04870611e-01   1.16797391e-04   3.83017852e-02  -1.25731490e-05]
 [ -1.28677113e-04   5.64134535e-02  -1.25731490e-05  -1.30548856e-02]]
Iter  42 ==============
E = -1.59233992935
dE = -6.86374643788e-08
|res| = 9.90430226475e-05
Cnew
[[  9.81413163e-01   3.21293299e-04   1.60047332e-02   8.59015687e-06]
 [  3.21293299e-04  -1.63516535e-01   1.13134796e-05   6.03834728e-02]
 [  1.60047332e-02   1.13134796e-05  -3.13039677e-02   2.10254756e-05]
 [  8.59015687e-06   6.03834728e-02   2.10254756e-05  -3.61354384e-02]]
sig1
[[ -2.90869687e+00  -7.79102556e-04  -3.30355651e-01   9.60038704e-05]
 [ -7.79102556e-04   3.54180732e-01  -1.08727589e-04  -1.52564624e-01]
 [ -3.30355651e-01  -1.08727589e-04   1.15447455e-02  -1.34213335e-05]
 [  9.60038704e-05  -1.52564624e-01  -1.34213335e-05   7.05947990e-02]]
sig2
[[  1.34595344e+00   4.16174383e-04   3.04870636e-01  -1.05707170e-04]
 [  4.16174383e-04  -9.38063872e-02   9.59480589e-05   5.64135480e-02]
 [  3.04870636e-01   9.59480589e-05   3.83017982e-02  -1.03287355e-05]
 [ -1.05707170e-04   5.64135480e-02  -1.03287355e-05  -1.30549083e-02]]
Iter  43 ==============
E = -1.59233997567
dE = -4.6319807101e-08
|res| = 8.13629513468e-05
Cnew
[[  9.81413167e-01   2.63939713e-04   1.60047481e-02   7.05673505e-06]
 [  2.63939713e-04  -1.63516700e-01   9.29392348e-06   6.03834951e-02]
 [  1.60047481e-02   9.29392348e-06  -3.13039616e-02   1.72722501e-05]
 [  7.05673505e-06   6.03834951e-02   1.72722501e-05  -3.61354335e-02]]
sig1
[[ -2.90869689e+00  -6.40026126e-04  -3.30355681e-01   7.88663736e-05]
 [ -6.40026126e-04   3.54181062e-01  -8.93187843e-05  -1.52564712e-01]
 [ -3.30355681e-01  -8.93187843e-05   1.15447318e-02  -1.10255115e-05]
 [  7.88663736e-05  -1.52564712e-01  -1.10255115e-05   7.05948118e-02]]
sig2
[[  1.34595343e+00   3.41883718e-04   3.04870653e-01  -8.68375492e-05]
 [  3.41883718e-04  -9.38065707e-02   7.88205109e-05   5.64136156e-02]
 [  3.04870653e-01   7.88205109e-05   3.83018074e-02  -8.48496862e-06]
 [ -8.68375492e-05   5.64136156e-02  -8.48496862e-06  -1.30549244e-02]]
Iter  44 ==============
E = -1.59234000693
dE = -3.12588070983e-08
|res| = 6.68389406795e-05
Cnew
[[  9.81413168e-01   2.16824228e-04   1.60047588e-02   5.79704457e-06]
 [  2.16824228e-04  -1.63516818e-01   7.63487689e-06   6.03835110e-02]
 [  1.60047588e-02   7.63487689e-06  -3.13039572e-02   1.41890069e-05]
 [  5.79704457e-06   6.03835110e-02   1.41890069e-05  -3.61354299e-02]]
sig1
[[ -2.90869690e+00  -5.25776015e-04  -3.30355703e-01   6.47880604e-05]
 [ -5.25776015e-04   3.54181297e-01  -7.33746181e-05  -1.52564775e-01]
 [ -3.30355703e-01  -7.33746181e-05   1.15447219e-02  -9.05736390e-06]
 [  6.47880604e-05  -1.52564775e-01  -9.05736390e-06   7.05948210e-02]]
sig2
[[  1.34595342e+00   2.80854564e-04   3.04870665e-01  -7.13363118e-05]
 [  2.80854564e-04  -9.38067021e-02   6.47503768e-05   5.64136639e-02]
 [  3.04870665e-01   6.47503768e-05   3.83018140e-02  -6.97032961e-06]
 [ -7.13363118e-05   5.64136639e-02  -6.97032961e-06  -1.30549360e-02]]
Iter  45 ==============
E = -1.59234002803
dE = -2.10949318014e-08
|res| = 5.49076007056e-05
Cnew
[[  9.81413169e-01   1.78119256e-04   1.60047664e-02   4.76222095e-06]
 [  1.78119256e-04  -1.63516903e-01   6.27198514e-06   6.03835223e-02]
 [  1.60047664e-02   6.27198514e-06  -3.13039540e-02   1.16561485e-05]
 [  4.76222095e-06   6.03835223e-02   1.16561485e-05  -3.61354273e-02]]
sig1
[[ -2.90869691e+00  -4.31920518e-04  -3.30355718e-01   5.32228429e-05]
 [ -4.31920518e-04   3.54181465e-01  -6.02766221e-05  -1.52564820e-01]
 [ -3.30355718e-01  -6.02766221e-05   1.15447149e-02  -7.44054732e-06]
 [  5.32228429e-05  -1.52564820e-01  -7.44054732e-06   7.05948274e-02]]
sig2
[[  1.34595342e+00   2.30719632e-04   3.04870673e-01  -5.86021749e-05]
 [  2.30719632e-04  -9.38067962e-02   5.31918819e-05   5.64136985e-02]
 [  3.04870673e-01   5.31918819e-05   3.83018187e-02  -5.72606646e-06]
 [ -5.86021749e-05   5.64136985e-02  -5.72606646e-06  -1.30549443e-02]]
Iter  46 ==============
E = -1.59234004226
dE = -1.4235868484e-08
|res| = 4.51061136241e-05
Cnew
[[  9.81413168e-01   1.46323451e-04   1.60047719e-02   3.91212293e-06]
 [  1.46323451e-04  -1.63516963e-01   5.15238167e-06   6.03835304e-02]
 [  1.60047719e-02   5.15238167e-06  -3.13039517e-02   9.57542678e-06]
 [  3.91212293e-06   6.03835304e-02   9.57542678e-06  -3.61354255e-02]]
sig1
[[ -2.90869691e+00  -3.54819024e-04  -3.30355728e-01   4.37221136e-05]
 [ -3.54819024e-04   3.54181586e-01  -4.95167304e-05  -1.52564852e-01]
 [ -3.30355728e-01  -4.95167304e-05   1.15447098e-02  -6.11234623e-06]
 [  4.37221136e-05  -1.52564852e-01  -6.11234623e-06   7.05948320e-02]]
sig2
[[  1.34595341e+00   1.89534212e-04   3.04870679e-01  -4.81411885e-05]
 [  1.89534212e-04  -9.38068635e-02   4.36966770e-05   5.64137233e-02]
 [  3.04870679e-01   4.36966770e-05   3.83018220e-02  -4.70391483e-06]
 [ -4.81411885e-05   5.64137233e-02  -4.70391483e-06  -1.30549502e-02]]
Iter  47 ==============
E = -1.59234005187
dE = -9.6070471578e-09
|res| = 3.70542799942e-05
Cnew
[[  9.81413167e-01   1.20203467e-04   1.60047758e-02   3.21377508e-06]
 [  1.20203467e-04  -1.63517007e-01   4.23263725e-06   6.03835361e-02]
 [  1.60047758e-02   4.23263725e-06  -3.13039500e-02   7.86613153e-06]
 [  3.21377508e-06   6.03835361e-02   7.86613153e-06  -3.61354241e-02]]
sig1
[[ -2.90869691e+00  -2.91480803e-04  -3.30355735e-01   3.59173446e-05]
 [ -2.91480803e-04   3.54181672e-01  -4.06775714e-05  -1.52564875e-01]
 [ -3.30355735e-01  -4.06775714e-05   1.15447062e-02  -5.02124033e-06]
 [  3.59173446e-05  -1.52564875e-01  -5.02124033e-06   7.05948353e-02]]
sig2
[[  1.34595341e+00   1.55700739e-04   3.04870683e-01  -3.95475767e-05]
 [  1.55700739e-04  -9.38069117e-02   3.58964473e-05   5.64137410e-02]
 [  3.04870683e-01   3.58964473e-05   3.83018244e-02  -3.86422595e-06]
 [ -3.95475767e-05   5.64137410e-02  -3.86422595e-06  -1.30549545e-02]]
Iter  48 ==============
E = -1.59234005835
dE = -6.48329701036e-09
|res| = 3.04397701386e-05
Cnew
[[  9.81413166e-01   9.87461234e-05   1.60047786e-02   2.64008852e-06]
 [  9.87461234e-05  -1.63517038e-01   3.47707520e-06   6.03835402e-02]
 [  1.60047786e-02   3.47707520e-06  -3.13039488e-02   6.46196001e-06]
 [  2.64008852e-06   6.03835402e-02   6.46196001e-06  -3.61354231e-02]]
sig1
[[ -2.90869691e+00  -2.39448994e-04  -3.30355741e-01   2.95057928e-05]
 [ -2.39448994e-04   3.54181733e-01  -3.34162777e-05  -1.52564892e-01]
 [ -3.30355741e-01  -3.34162777e-05   1.15447036e-02  -4.12490612e-06]
 [  2.95057928e-05  -1.52564892e-01  -4.12490612e-06   7.05948376e-02]]
sig2
[[  1.34595341e+00   1.27906830e-04   3.04870685e-01  -3.24879974e-05]
 [  1.27906830e-04  -9.38069462e-02   2.94886251e-05   5.64137537e-02]
 [  3.04870685e-01   2.94886251e-05   3.83018260e-02  -3.17442867e-06]
 [ -3.24879974e-05   5.64137537e-02  -3.17442867e-06  -1.30549575e-02]]
Iter  49 ==============
E = -1.59234006273
dE = -4.37523861585e-09
|res| = 2.50060084794e-05
Cnew
[[  9.81413166e-01   8.11190982e-05   1.60047806e-02   2.16881003e-06]
 [  8.11190982e-05  -1.63517060e-01   2.85638751e-06   6.03835432e-02]
 [  1.60047806e-02   2.85638751e-06  -3.13039480e-02   5.30844506e-06]
 [  2.16881003e-06   6.03835432e-02   5.30844506e-06  -3.61354224e-02]]
sig1
[[ -2.90869691e+00  -1.96705307e-04  -3.30355744e-01   2.42387574e-05]
 [ -1.96705307e-04   3.54181777e-01  -2.74511870e-05  -1.52564903e-01]
 [ -3.30355744e-01  -2.74511870e-05   1.15447017e-02  -3.38857520e-06]
 [  2.42387574e-05  -1.52564903e-01  -3.38857520e-06   7.05948392e-02]]
sig2
[[  1.34595340e+00   1.05074370e-04   3.04870687e-01  -2.66886130e-05]
 [  1.05074370e-04  -9.38069709e-02   2.42246539e-05   5.64137628e-02]
 [  3.04870687e-01   2.42246539e-05   3.83018272e-02  -2.60776609e-06]
 [ -2.66886130e-05   5.64137628e-02  -2.60776609e-06  -1.30549597e-02]]
Iter  50 ==============
E = -1.59234006568
dE = -2.95262236882e-09
|res| = 2.05422207428e-05
Cnew
[[  9.81413165e-01   6.66386472e-05   1.60047820e-02   1.78165885e-06]
 [  6.66386472e-05  -1.63517075e-01   2.34649791e-06   6.03835452e-02]
 [  1.60047820e-02   2.34649791e-06  -3.13039473e-02   4.36084235e-06]
 [  1.78165885e-06   6.03835452e-02   4.36084235e-06  -3.61354219e-02]]
sig1
[[ -2.90869690e+00  -1.61591732e-04  -3.30355747e-01   1.99119327e-05]
 [ -1.61591732e-04   3.54181809e-01  -2.25509159e-05  -1.52564912e-01]
 [ -3.30355747e-01  -2.25509159e-05   1.15447004e-02  -2.78368562e-06]
 [  1.99119327e-05  -1.52564912e-01  -2.78368562e-06   7.05948404e-02]]
sig2
[[  1.34595340e+00   8.63176984e-05   3.04870689e-01  -2.19244681e-05]
 [  8.63176984e-05  -9.38069886e-02   1.99003465e-05   5.64137692e-02]
 [  3.04870689e-01   1.99003465e-05   3.83018281e-02  -2.14225760e-06]
 [ -2.19244681e-05   5.64137692e-02  -2.14225760e-06  -1.30549613e-02]]
Iter  51 ==============
E = -1.59234006767
dE = -1.99256988687e-09
|res| = 1.68752578987e-05
Cnew
[[  9.81413164e-01   5.47430803e-05   1.60047831e-02   1.46361749e-06]
 [  5.47430803e-05  -1.63517087e-01   1.92762798e-06   6.03835467e-02]
 [  1.60047831e-02   1.92762798e-06  -3.13039469e-02   3.58239480e-06]
 [  1.46361749e-06   6.03835467e-02   3.58239480e-06  -3.61354215e-02]]
sig1
[[ -2.90869690e+00  -1.32746229e-04  -3.30355749e-01   1.63574829e-05]
 [ -1.32746229e-04   3.54181832e-01  -1.85253850e-05  -1.52564918e-01]
 [ -3.30355749e-01  -1.85253850e-05   1.15446994e-02  -2.28677399e-06]
 [  1.63574829e-05  -1.52564918e-01  -2.28677399e-06   7.05948413e-02]]
sig2
[[  1.34595340e+00   7.09092530e-05   3.04870689e-01  -1.80107636e-05]
 [  7.09092530e-05  -9.38070012e-02   1.63479649e-05   5.64137739e-02]
 [  3.04870689e-01   1.63479649e-05   3.83018287e-02  -1.75984635e-06]
 [ -1.80107636e-05   5.64137739e-02  -1.75984635e-06  -1.30549624e-02]]
Iter  52 ==============
E = -1.59234006902
dE = -1.34468391977e-09
|res| = 1.38628796472e-05
Cnew
[[  9.81413164e-01   4.49709734e-05   1.60047838e-02   1.20234925e-06]
 [  4.49709734e-05  -1.63517095e-01   1.58352992e-06   6.03835478e-02]
 [  1.60047838e-02   1.58352992e-06  -3.13039466e-02   2.94290677e-06]
 [  1.20234925e-06   6.03835478e-02   2.94290677e-06  -3.61354212e-02]]
sig1
[[ -2.90869690e+00  -1.09049895e-04  -3.30355750e-01   1.34375327e-05]
 [ -1.09049895e-04   3.54181848e-01  -1.52184457e-05  -1.52564922e-01]
 [ -3.30355750e-01  -1.52184457e-05   1.15446987e-02  -1.87856533e-06]
 [  1.34375327e-05  -1.52564922e-01  -1.87856533e-06   7.05948418e-02]]
sig2
[[  1.34595340e+00   5.82513464e-05   3.04870690e-01  -1.47956887e-05]
 [  5.82513464e-05  -9.38070103e-02   1.34297137e-05   5.64137772e-02]
 [  3.04870690e-01   1.34297137e-05   3.83018291e-02  -1.44569876e-06]
 [ -1.47956887e-05   5.64137772e-02  -1.44569876e-06  -1.30549632e-02]]
Iter  53 ==============
E = -1.59234006993
dE = -9.07456776389e-10
|res| = 1.13882368906e-05
Cnew
[[  9.81413163e-01   3.69432710e-05   1.60047843e-02   9.87719639e-07]
 [  3.69432710e-05  -1.63517101e-01   1.30085631e-06   6.03835486e-02]
 [  1.60047843e-02   1.30085631e-06  -3.13039463e-02   2.41757281e-06]
 [  9.87719639e-07   6.03835486e-02   2.41757281e-06  -3.61354210e-02]]
sig1
[[ -2.90869690e+00  -8.95835582e-05  -3.30355751e-01   1.10388185e-05]
 [ -8.95835582e-05   3.54181859e-01  -1.25018233e-05  -1.52564925e-01]
 [ -3.30355751e-01  -1.25018233e-05   1.15446982e-02  -1.54322539e-06]
 [  1.10388185e-05  -1.52564925e-01  -1.54322539e-06   7.05948423e-02]]
sig2
[[  1.34595340e+00   4.78529841e-05   3.04870691e-01  -1.21545320e-05]
 [  4.78529841e-05  -9.38070168e-02   1.10323952e-05   5.64137796e-02]
 [  3.04870691e-01   1.10323952e-05   3.83018295e-02  -1.18762920e-06]
 [ -1.21545320e-05   5.64137796e-02  -1.18762920e-06  -1.30549637e-02]]
Iter  54 ==============
E = -1.59234007054
dE = -6.12396355848e-10
|res| = 9.35533915268e-06
Cnew
[[  9.81413163e-01   3.03485820e-05   1.60047847e-02   8.11403248e-07]
 [  3.03485820e-05  -1.63517105e-01   1.06864236e-06   6.03835491e-02]
 [  1.60047847e-02   1.06864236e-06  -3.13039462e-02   1.98601544e-06]
 [  8.11403248e-07   6.03835491e-02   1.98601544e-06  -3.61354209e-02]]
sig1
[[ -2.90869690e+00  -7.35921288e-05  -3.30355752e-01   9.06829527e-06]
 [ -7.35921288e-05   3.54181868e-01  -1.02701412e-05  -1.52564927e-01]
 [ -3.30355752e-01  -1.02701412e-05   1.15446979e-02  -1.26774649e-06]
 [  9.06829527e-06  -1.52564927e-01  -1.26774649e-06   7.05948426e-02]]
sig2
[[  1.34595340e+00   3.93108182e-05   3.04870691e-01  -9.98484440e-06]
 [  3.93108182e-05  -9.38070215e-02   9.06301854e-06   5.64137813e-02]
 [  3.04870691e-01   9.06301854e-06   3.83018297e-02  -9.75627256e-07]
 [ -9.98484440e-06   5.64137813e-02  -9.75627256e-07  -1.30549641e-02]]
Iter  55 ==============
E = -1.59234007095
dE = -4.13273859579e-10
|res| = 7.68533111411e-06
Cnew
[[  9.81413163e-01   2.49311012e-05   1.60047850e-02   6.66560841e-07]
 [  2.49311012e-05  -1.63517108e-01   8.77880576e-07   6.03835495e-02]
 [  1.60047850e-02   8.77880576e-07  -3.13039460e-02   1.63149474e-06]
 [  6.66560841e-07   6.03835495e-02   1.63149474e-06  -3.61354208e-02]]
sig1
[[ -2.90869690e+00  -6.04553060e-05  -3.30355752e-01   7.44952721e-06]
 [ -6.04553060e-05   3.54181873e-01  -8.43683335e-06  -1.52564929e-01]
 [ -3.30355752e-01  -8.43683335e-06   1.15446976e-02  -1.04144293e-06]
 [  7.44952721e-06  -1.52564929e-01  -1.04144293e-06   7.05948428e-02]]
sig2
[[  1.34595340e+00   3.22935018e-05   3.04870691e-01  -8.20246449e-06]
 [  3.22935018e-05  -9.38070248e-02   7.44519240e-06   5.64137825e-02]
 [  3.04870691e-01   7.44519240e-06   3.83018298e-02  -8.01469468e-07]
 [ -8.20246449e-06   5.64137825e-02  -8.01469468e-07  -1.30549644e-02]]
Iter  56 ==============
E = -1.59234007123
dE = -2.78896461481e-10
|res| = 6.31343382687e-06
Cnew
[[  9.81413163e-01   2.04806869e-05   1.60047852e-02   5.47574042e-07]
 [  2.04806869e-05  -1.63517110e-01   7.21171402e-07   6.03835498e-02]
 [  1.60047852e-02   7.21171402e-07  -3.13039459e-02   1.34025901e-06]
 [  5.47574042e-07   6.03835498e-02   1.34025901e-06  -3.61354207e-02]]
sig1
[[ -2.90869690e+00  -4.96635181e-05  -3.30355752e-01   6.11972305e-06]
 [ -4.96635181e-05   3.54181878e-01  -6.93078662e-06  -1.52564930e-01]
 [ -3.30355752e-01  -6.93078662e-06   1.15446974e-02  -8.55536482e-07]
 [  6.11972305e-06  -1.52564930e-01  -8.55536482e-07   7.05948429e-02]]
sig2
[[  1.34595339e+00   2.65288362e-05   3.04870691e-01  -6.73825461e-06]
 [  2.65288362e-05  -9.38070272e-02   6.11616204e-06   5.64137834e-02]
 [  3.04870691e-01   6.11616204e-06   3.83018299e-02  -6.58400330e-07]
 [ -6.73825461e-06   5.64137834e-02  -6.58400330e-07  -1.30549646e-02]]
Iter  57 ==============
E = -1.59234007142
dE = -1.88213666874e-10
|res| = 5.18643195291e-06
Cnew
[[  9.81413162e-01   1.68247096e-05   1.60047853e-02   4.49827402e-07]
 [  1.68247096e-05  -1.63517111e-01   5.92436153e-07   6.03835500e-02]
 [  1.60047853e-02   5.92436153e-07  -3.13039459e-02   1.10101134e-06]
 [  4.49827402e-07   6.03835500e-02   1.10101134e-06  -3.61354207e-02]]
sig1
[[ -2.90869690e+00  -4.07981564e-05  -3.30355753e-01   5.02730028e-06]
 [ -4.07981564e-05   3.54181881e-01  -5.69358208e-06  -1.52564931e-01]
 [ -3.30355753e-01  -5.69358208e-06   1.15446973e-02  -7.02815921e-07]
 [  5.02730028e-06  -1.52564931e-01  -7.02815921e-07   7.05948430e-02]]
sig2
[[  1.34595339e+00   2.17932126e-05   3.04870691e-01  -5.53541868e-06]
 [  2.17932126e-05  -9.38070289e-02   5.02437494e-06   5.64137840e-02]
 [  3.04870691e-01   5.02437494e-06   3.83018300e-02  -5.40870254e-07]
 [ -5.53541868e-06   5.64137840e-02  -5.40870254e-07  -1.30549648e-02]]
Iter  58 ==============
E = -1.59234007155
dE = -1.27016175355e-10
|res| = 4.26060955556e-06
Cnew
[[  9.81413162e-01   1.38213554e-05   1.60047854e-02   3.69529372e-07]
 [  1.38213554e-05  -1.63517113e-01   4.86681245e-07   6.03835501e-02]
 [  1.60047854e-02   4.86681245e-07  -3.13039458e-02   9.04471424e-07]
 [  3.69529372e-07   6.03835501e-02   9.04471424e-07  -3.61354206e-02]]
sig1
[[ -2.90869690e+00  -3.35153374e-05  -3.30355753e-01   4.12988429e-06]
 [ -3.35153374e-05   3.54181883e-01  -4.67722910e-06  -1.52564931e-01]
 [ -3.30355753e-01  -4.67722910e-06   1.15446972e-02  -5.77357283e-07]
 [  4.12988429e-06  -1.52564931e-01  -5.77357283e-07   7.05948431e-02]]
sig2
[[  1.34595339e+00   1.79029382e-05   3.04870691e-01  -4.54729922e-06]
 [  1.79029382e-05  -9.38070301e-02   4.12748114e-06   5.64137845e-02]
 [  3.04870691e-01   4.12748114e-06   3.83018301e-02  -4.44320299e-07]
 [ -4.54729922e-06   5.64137845e-02  -4.44320299e-07  -1.30549649e-02]]
Iter  59 ==============
E = -1.59234007163
dE = -8.571543475e-11
|res| = 3.5000543718e-06
Cnew
[[  9.81413162e-01   1.13541255e-05   1.60047855e-02   3.03565226e-07]
 [  1.13541255e-05  -1.63517113e-01   3.99804490e-07   6.03835502e-02]
 [  1.60047855e-02   3.99804490e-07  -3.13039458e-02   7.43015559e-07]
 [  3.03565226e-07   6.03835502e-02   7.43015559e-07  -3.61354206e-02]]
sig1
[[ -2.90869690e+00  -2.75325638e-05  -3.30355753e-01   3.39266471e-06]
 [ -2.75325638e-05   3.54181884e-01  -3.84230380e-06  -1.52564932e-01]
 [ -3.30355753e-01  -3.84230380e-06   1.15446971e-02  -4.74294082e-07]
 [  3.39266471e-06  -1.52564932e-01  -4.74294082e-07   7.05948432e-02]]
sig2
[[  1.34595339e+00   1.47071110e-05   3.04870692e-01  -3.73556751e-06]
 [  1.47071110e-05  -9.38070310e-02   3.39069055e-06   5.64137848e-02]
 [  3.04870692e-01   3.39069055e-06   3.83018301e-02  -3.65005335e-07]
 [ -3.73556751e-06   5.64137848e-02  -3.65005335e-07  -1.30549650e-02]]
Iter  60 ==============
E = -1.59234007169
dE = -5.78455061628e-11
|res| = 2.87526478768e-06
Cnew
[[  9.81413162e-01   9.32731725e-06   1.60047855e-02   2.49376243e-07]
 [  9.32731725e-06  -1.63517114e-01   3.28435978e-07   6.03835503e-02]
 [  1.60047855e-02   3.28435978e-07  -3.13039458e-02   6.10380942e-07]
 [  2.49376243e-07   6.03835503e-02   6.10380942e-07  -3.61354206e-02]]
sig1
[[ -2.90869690e+00  -2.26177662e-05  -3.30355753e-01   2.78704512e-06]
 [ -2.26177662e-05   3.54181886e-01  -3.15641979e-06  -1.52564932e-01]
 [ -3.30355753e-01  -3.15641979e-06   1.15446971e-02  -3.89628542e-07]
 [  2.78704512e-06  -1.52564932e-01  -3.89628542e-07   7.05948432e-02]]
sig2
[[  1.34595339e+00   1.20817662e-05   3.04870692e-01  -3.06873684e-06]
 [  1.20817662e-05  -9.38070316e-02   2.78542336e-06   5.64137850e-02]
 [  3.04870692e-01   2.78542336e-06   3.83018302e-02  -2.99848769e-07]
 [ -3.06873684e-06   5.64137850e-02  -2.99848769e-07  -1.30549650e-02]]
Iter  61 ==============
E = -1.59234007173
dE = -3.90374399473e-11
|res| = 2.36200548142e-06
Cnew
[[  9.81413162e-01   7.66231155e-06   1.60047856e-02   2.04860456e-07]
 [  7.66231155e-06  -1.63517114e-01   2.69807353e-07   6.03835503e-02]
 [  1.60047856e-02   2.69807353e-07  -3.13039458e-02   5.01422737e-07]
 [  2.04860456e-07   6.03835503e-02   5.01422737e-07  -3.61354206e-02]]
sig1
[[ -2.90869690e+00  -1.85803020e-05  -3.30355753e-01   2.28953378e-06]
 [ -1.85803020e-05   3.54181886e-01  -2.59297193e-06  -1.52564932e-01]
 [ -3.30355753e-01  -2.59297193e-06   1.15446970e-02  -3.20076523e-07]
 [  2.28953378e-06  -1.52564932e-01  -3.20076523e-07   7.05948432e-02]]
sig2
[[  1.34595339e+00   9.92506788e-06   3.04870692e-01  -2.52094113e-06]
 [  9.92506788e-06  -9.38070321e-02   2.28820152e-06   5.64137852e-02]
 [  3.04870692e-01   2.28820152e-06   3.83018302e-02  -2.46323205e-07]
 [ -2.52094113e-06   5.64137852e-02  -2.46323205e-07  -1.30549651e-02]]
Iter  62 ==============
E = -1.59234007175
dE = -2.63447041959e-11
|res| = 1.9403673444e-06
Cnew
[[  9.81413162e-01   6.29452356e-06   1.60047856e-02   1.68291117e-07]
 [  6.29452356e-06  -1.63517115e-01   2.21644439e-07   6.03835504e-02]
 [  1.60047856e-02   2.21644439e-07  -3.13039458e-02   4.11914500e-07]
 [  1.68291117e-07   6.03835504e-02   4.11914500e-07  -3.61354206e-02]]
sig1
[[ -2.90869690e+00  -1.52635596e-05  -3.30355753e-01   1.88083247e-06]
 [ -1.52635596e-05   3.54181887e-01  -2.13010432e-06  -1.52564932e-01]
 [ -3.30355753e-01  -2.13010432e-06   1.15446970e-02  -2.62940133e-07]
 [  1.88083247e-06  -1.52564932e-01  -2.62940133e-07   7.05948433e-02]]
sig2
[[  1.34595339e+00   8.15335859e-06   3.04870692e-01  -2.07093163e-06]
 [  8.15335859e-06  -9.38070324e-02   1.87973803e-06   5.64137853e-02]
 [  3.04870692e-01   1.87973803e-06   3.83018302e-02  -2.02352412e-07]
 [ -2.07093163e-06   5.64137853e-02  -2.02352412e-07  -1.30549651e-02]]
Iter  63 ==============
E = -1.59234007177
dE = -1.77773351595e-11
|res| = 1.59399521468e-06
Cnew
[[  9.81413162e-01   5.17089741e-06   1.60047856e-02   1.38249717e-07]
 [  5.17089741e-06  -1.63517115e-01   1.82079016e-07   6.03835504e-02]
 [  1.60047856e-02   1.82079016e-07  -3.13039457e-02   3.38384248e-07]
 [  1.38249717e-07   6.03835504e-02   3.38384248e-07  -3.61354206e-02]]
sig1
[[ -2.90869690e+00  -1.25388840e-05  -3.30355753e-01   1.54508783e-06]
 [ -1.25388840e-05   3.54181887e-01  -1.74986252e-06  -1.52564932e-01]
 [ -3.30355753e-01  -1.74986252e-06   1.15446970e-02  -2.16003076e-07]
 [  1.54508783e-06  -1.52564932e-01  -2.16003076e-07   7.05948433e-02]]
sig2
[[  1.34595339e+00   6.69791452e-06   3.04870692e-01  -1.70125267e-06]
 [  6.69791452e-06  -9.38070326e-02   1.54418875e-06   5.64137854e-02]
 [  3.04870692e-01   1.54418875e-06   3.83018302e-02  -1.66230780e-07]
 [ -1.70125267e-06   5.64137854e-02  -1.66230780e-07  -1.30549651e-02]]
Iter  64 ==============
E = -1.59234007178
dE = -1.19972920487e-11
|res| = 1.30945346685e-06
Cnew
[[  9.81413162e-01   4.24784810e-06   1.60047856e-02   1.13570963e-07]
 [  4.24784810e-06  -1.63517115e-01   1.49576358e-07   6.03835504e-02]
 [  1.60047856e-02   1.49576358e-07  -3.13039457e-02   2.77979773e-07]
 [  1.13570963e-07   6.03835504e-02   2.77979773e-07  -3.61354206e-02]]
sig1
[[ -2.90869690e+00  -1.03005862e-05  -3.30355753e-01   1.26927647e-06]
 [ -1.03005862e-05   3.54181888e-01  -1.43749713e-06  -1.52564933e-01]
 [ -3.30355753e-01  -1.43749713e-06   1.15446970e-02  -1.77444684e-07]
 [  1.26927647e-06  -1.52564933e-01  -1.77444684e-07   7.05948433e-02]]
sig2
[[  1.34595339e+00   5.50227964e-06   3.04870692e-01  -1.39756455e-06]
 [  5.50227964e-06  -9.38070328e-02   1.26853789e-06   5.64137854e-02]
 [  3.04870692e-01   1.26853789e-06   3.83018302e-02  -1.36557167e-07]
 [ -1.39756455e-06   5.64137854e-02  -1.36557167e-07  -1.30549651e-02]]
Iter  65 ==============
E = -1.59234007179
dE = -8.09596834017e-12
|res| = 1.07570484962e-06
Cnew
[[  9.81413162e-01   3.48957098e-06   1.60047856e-02   9.32975769e-08]
 [  3.48957098e-06  -1.63517115e-01   1.22875702e-07   6.03835504e-02]
 [  1.60047856e-02   1.22875702e-07  -3.13039457e-02   2.28358012e-07]
 [  9.32975769e-08   6.03835504e-02   2.28358012e-07  -3.61354205e-02]]
sig1
[[ -2.90869690e+00  -8.46184369e-06  -3.30355753e-01   1.04269979e-06]
 [ -8.46184369e-06   3.54181888e-01  -1.18089163e-06  -1.52564933e-01]
 [ -3.30355753e-01  -1.18089163e-06   1.15446970e-02  -1.45769294e-07]
 [  1.04269979e-06  -1.52564933e-01  -1.45769294e-07   7.05948433e-02]]
sig2
[[  1.34595339e+00   4.52007578e-06   3.04870692e-01  -1.14808736e-06]
 [  4.52007578e-06  -9.38070329e-02   1.04209305e-06   5.64137855e-02]
 [  3.04870692e-01   1.04209305e-06   3.83018302e-02  -1.12180548e-07]
 [ -1.14808736e-06   5.64137855e-02  -1.12180548e-07  -1.30549651e-02]]
Iter  66 ==============
E = -1.5923400718
dE = -5.46362954879e-12
|res| = 8.83682355439e-07
Cnew
[[  9.81413162e-01   2.86665278e-06   1.60047856e-02   7.66431634e-08]
 [  2.86665278e-06  -1.63517115e-01   1.00941341e-07   6.03835505e-02]
 [  1.60047856e-02   1.00941341e-07  -3.13039457e-02   1.87594158e-07]
 [  7.66431634e-08   6.03835505e-02   1.87594158e-07  -3.61354205e-02]]
sig1
[[ -2.90869690e+00  -6.95133240e-06  -3.30355753e-01   8.56568982e-07]
 [ -6.95133240e-06   3.54181888e-01  -9.70092401e-07  -1.52564933e-01]
 [ -3.30355753e-01  -9.70092401e-07   1.15446970e-02  -1.19748231e-07]
 [  8.56568982e-07  -1.52564933e-01  -1.19748231e-07   7.05948433e-02]]
sig2
[[  1.34595339e+00   3.71320369e-06   3.04870692e-01  -9.43143969e-07]
 [  3.71320369e-06  -9.38070330e-02   8.56070551e-07   5.64137855e-02]
 [  3.04870692e-01   8.56070551e-07   3.83018302e-02  -9.21553631e-08]
 [ -9.43143969e-07   5.64137855e-02  -9.21553631e-08  -1.30549652e-02]]
Iter  67 ==============
E = -1.5923400718
dE = -3.68705066478e-12
|res| = 7.25937515127e-07
Cnew
[[  9.81413162e-01   2.35493081e-06   1.60047856e-02   6.29617049e-08]
 [  2.35493081e-06  -1.63517115e-01   8.29224502e-08   6.03835505e-02]
 [  1.60047856e-02   8.29224502e-08  -3.13039457e-02   1.54107001e-07]
 [  6.29617049e-08   6.03835505e-02   1.54107001e-07  -3.61354205e-02]]
sig1
[[ -2.90869690e+00  -5.71046026e-06  -3.30355753e-01   7.03664111e-07]
 [ -5.71046026e-06   3.54181888e-01  -7.96922631e-07  -1.52564933e-01]
 [ -3.30355753e-01  -7.96922631e-07   1.15446970e-02  -9.83721505e-08]
 [  7.03664111e-07  -1.52564933e-01  -9.83721505e-08   7.05948433e-02]]
sig2
[[  1.34595339e+00   3.05036515e-06   3.04870692e-01  -7.74784724e-07]
 [  3.05036515e-06  -9.38070330e-02   7.03254654e-07   5.64137855e-02]
 [  3.04870692e-01   7.03254654e-07   3.83018302e-02  -7.57048446e-08]
 [ -7.74784724e-07   5.64137855e-02  -7.57048446e-08  -1.30549652e-02]]
Iter  68 ==============
E = -1.5923400718
dE = -2.48934206581e-12
|res| = 5.96351474873e-07
Cnew
[[  9.81413162e-01   1.93455557e-06   1.60047856e-02   5.17225034e-08]
 [  1.93455557e-06  -1.63517115e-01   6.81200854e-08   6.03835505e-02]
 [  1.60047856e-02   6.81200854e-08  -3.13039457e-02   1.26597586e-07]
 [  5.17225034e-08   6.03835505e-02   1.26597586e-07  -3.61354205e-02]]
sig1
[[ -2.90869690e+00  -4.69109438e-06  -3.30355753e-01   5.78054064e-07]
 [ -4.69109438e-06   3.54181888e-01  -6.54665142e-07  -1.52564933e-01]
 [ -3.30355753e-01  -6.54665142e-07   1.15446970e-02  -8.08118824e-08]
 [  5.78054064e-07  -1.52564933e-01  -8.08118824e-08   7.05948433e-02]]
sig2
[[  1.34595339e+00   2.50584895e-06   3.04870692e-01  -6.36479041e-07]
 [  2.50584895e-06  -9.38070331e-02   5.77717698e-07   5.64137856e-02]
 [  3.04870692e-01   5.77717698e-07   3.83018302e-02  -6.21908840e-08]
 [ -6.36479041e-07   5.64137856e-02  -6.21908840e-08  -1.30549652e-02]]
Iter  69 ==============
E = -1.59234007181
dE = -1.67976743626e-12
|res| = 4.89897648532e-07
Cnew
[[  9.81413162e-01   1.58922089e-06   1.60047856e-02   4.24895952e-08]
 [  1.58922089e-06  -1.63517115e-01   5.59600690e-08   6.03835505e-02]
 [  1.60047856e-02   5.59600690e-08  -3.13039457e-02   1.03998837e-07]
 [  4.24895952e-08   6.03835505e-02   1.03998837e-07  -3.61354205e-02]]
sig1
[[ -2.90869690e+00  -3.85369401e-06  -3.30355753e-01   4.74866482e-07]
 [ -3.85369401e-06   3.54181888e-01  -5.37801829e-07  -1.52564933e-01]
 [ -3.30355753e-01  -5.37801829e-07   1.15446970e-02  -6.63862719e-08]
 [  4.74866482e-07  -1.52564933e-01  -6.63862719e-08   7.05948433e-02]]
sig2
[[  1.34595339e+00   2.05853353e-06   3.04870692e-01  -5.22862102e-07]
 [  2.05853353e-06  -9.38070331e-02   4.74590160e-07   5.64137856e-02]
 [  3.04870692e-01   4.74590160e-07   3.83018302e-02  -5.10892806e-08]
 [ -5.22862102e-07   5.64137856e-02  -5.10892806e-08  -1.30549652e-02]]
Iter  70 ==============
E = -1.59234007181
dE = -1.13264952972e-12
|res| = 4.0244673851e-07
Cnew
[[  9.81413162e-01   1.30553140e-06   1.60047856e-02   3.49048400e-08]
 [  1.30553140e-06  -1.63517115e-01   4.59707193e-08   6.03835505e-02]
 [  1.60047856e-02   4.59707193e-08  -3.13039457e-02   8.54341573e-08]
 [  3.49048400e-08   6.03835505e-02   8.54341573e-08  -3.61354205e-02]]
sig1
[[ -2.90869690e+00  -3.16577675e-06  -3.30355753e-01   3.90098763e-07]
 [ -3.16577675e-06   3.54181888e-01  -4.41799614e-07  -1.52564933e-01]
 [ -3.30355753e-01  -4.41799614e-07   1.15446970e-02  -5.45357560e-08]
 [  3.90098763e-07  -1.52564933e-01  -5.45357560e-08   7.05948433e-02]]
sig2
[[  1.34595339e+00   1.69106773e-06   3.04870692e-01  -4.29526756e-07]
 [  1.69106773e-06  -9.38070331e-02   3.89871768e-07   5.64137856e-02]
 [  3.04870692e-01   3.89871768e-07   3.83018302e-02  -4.19694081e-08]
 [ -4.29526756e-07   5.64137856e-02  -4.19694081e-08  -1.30549652e-02]]
Iter  71 ==============
E = -1.59234007181
dE = -7.64943663967e-13
|res| = 3.30606562081e-07
Cnew
[[  9.81413162e-01   1.07248291e-06   1.60047856e-02   2.86740283e-08]
 [  1.07248291e-06  -1.63517115e-01   3.77645537e-08   6.03835505e-02]
 [  1.60047856e-02   3.77645537e-08  -3.13039457e-02   7.01834313e-08]
 [  2.86740283e-08   6.03835505e-02   7.01834313e-08  -3.61354205e-02]]
sig1
[[ -2.90869690e+00  -2.60065859e-06  -3.30355753e-01   3.20462806e-07]
 [ -2.60065859e-06   3.54181888e-01  -3.62934614e-07  -1.52564933e-01]
 [ -3.30355753e-01  -3.62934614e-07   1.15446970e-02  -4.48006583e-08]
 [  3.20462806e-07  -1.52564933e-01  -4.48006583e-08   7.05948433e-02]]
sig2
[[  1.34595339e+00   1.38919772e-06   3.04870692e-01  -3.52852565e-07]
 [  1.38919772e-06  -9.38070332e-02   3.20276331e-07   5.64137856e-02]
 [  3.04870692e-01   3.20276331e-07   3.83018302e-02  -3.44775107e-08]
 [ -3.52852565e-07   5.64137856e-02  -3.44775107e-08  -1.30549652e-02]]
Iter  72 ==============
E = -1.59234007181
dE = -5.16031661846e-13
|res| = 2.71590470093e-07
Cnew
[[  9.81413162e-01   8.81035561e-07   1.60047856e-02   2.35554696e-08]
 [  8.81035561e-07  -1.63517115e-01   3.10232587e-08   6.03835505e-02]
 [  1.60047856e-02   3.10232587e-08  -3.13039457e-02   5.76550901e-08]
 [  2.35554696e-08   6.03835505e-02   5.76550901e-08  -3.61354205e-02]]
sig1
[[ -2.90869690e+00  -2.13641885e-06  -3.30355753e-01   2.63257461e-07]
 [ -2.13641885e-06   3.54181888e-01  -2.98147689e-07  -1.52564933e-01]
 [ -3.30355753e-01  -2.98147689e-07   1.15446970e-02  -3.68033585e-08]
 [  2.63257461e-07  -1.52564933e-01  -3.68033585e-08   7.05948433e-02]]
sig2
[[  1.34595339e+00   1.14121407e-06   3.04870692e-01  -2.89865372e-07]
 [  1.14121407e-06  -9.38070332e-02   2.63104273e-07   5.64137856e-02]
 [  3.04870692e-01   2.63104273e-07   3.83018302e-02  -2.83229809e-08]
 [ -2.89865372e-07   5.64137856e-02  -2.83229809e-08  -1.30549652e-02]]
Iter  73 ==============
E = -1.59234007181
dE = -3.47943895918e-13
|res| = 2.23109254048e-07
Cnew
[[  9.81413162e-01   7.23763197e-07   1.60047856e-02   1.93506173e-08]
 [  7.23763197e-07  -1.63517115e-01   2.54853423e-08   6.03835505e-02]
 [  1.60047856e-02   2.54853423e-08  -3.13039457e-02   4.73631646e-08]
 [  1.93506173e-08   6.03835505e-02   4.73631646e-08  -3.61354205e-02]]
sig1
[[ -2.90869690e+00  -1.75504986e-06  -3.30355753e-01   2.16263758e-07]
 [ -1.75504986e-06   3.54181888e-01  -2.44925783e-07  -1.52564933e-01]
 [ -3.30355753e-01  -2.44925783e-07   1.15446970e-02  -3.02336451e-08]
 [  2.16263758e-07  -1.52564933e-01  -3.02336451e-08   7.05948433e-02]]
sig2
[[  1.34595339e+00   9.37497623e-07   3.04870692e-01  -2.38121930e-07]
 [  9.37497623e-07  -9.38070332e-02   2.16137916e-07   5.64137856e-02]
 [  3.04870692e-01   2.16137916e-07   3.83018302e-02  -2.32670872e-08]
 [ -2.38121930e-07   5.64137856e-02  -2.32670872e-08  -1.30549652e-02]]
Iter  74 ==============
E = -1.59234007181
dE = -2.35145236616e-13
|res| = 1.83282348704e-07
Cnew
[[  9.81413162e-01   5.94565291e-07   1.60047856e-02   1.58963670e-08]
 [  5.94565291e-07  -1.63517115e-01   2.09359913e-08   6.03835505e-02]
 [  1.60047856e-02   2.09359913e-08  -3.13039457e-02   3.89084356e-08]
 [  1.58963670e-08   6.03835505e-02   3.89084356e-08  -3.61354205e-02]]
sig1
[[ -2.90869690e+00  -1.44175848e-06  -3.30355753e-01   1.77658832e-07]
 [ -1.44175848e-06   3.54181888e-01  -2.01204441e-07  -1.52564933e-01]
 [ -3.30355753e-01  -2.01204441e-07   1.15446970e-02  -2.48366815e-08]
 [  1.77658832e-07  -1.52564933e-01  -2.48366815e-08   7.05948433e-02]]
sig2
[[  1.34595339e+00   7.70146299e-07   3.04870692e-01  -1.95615134e-07]
 [  7.70146299e-07  -9.38070332e-02   1.77555454e-07   5.64137856e-02]
 [  3.04870692e-01   1.77555454e-07   3.83018302e-02  -1.91137136e-08]
 [ -1.95615134e-07   5.64137856e-02  -1.91137136e-08  -1.30549652e-02]]
Iter  75 ==============
E = -1.59234007181
dE = -1.58539847916e-13
|res| = 1.50564885758e-07
Cnew
[[  9.81413162e-01   4.88430314e-07   1.60047856e-02   1.30587299e-08]
 [  4.88430314e-07  -1.63517115e-01   1.71987382e-08   6.03835505e-02]
 [  1.60047856e-02   1.71987382e-08  -3.13039457e-02   3.19629479e-08]
 [  1.30587299e-08   6.03835505e-02   3.19629479e-08  -3.61354205e-02]]
sig1
[[ -2.90869690e+00  -1.18439229e-06  -3.30355753e-01   1.45945215e-07]
 [ -1.18439229e-06   3.54181888e-01  -1.65287732e-07  -1.52564933e-01]
 [ -3.30355753e-01  -1.65287732e-07   1.15446970e-02  -2.04031219e-08]
 [  1.45945215e-07  -1.52564933e-01  -2.04031219e-08   7.05948433e-02]]
sig2
[[  1.34595339e+00   6.32668614e-07   3.04870692e-01  -1.60696164e-07]
 [  6.32668614e-07  -9.38070332e-02   1.45860291e-07   5.64137856e-02]
 [  3.04870692e-01   1.45860291e-07   3.83018302e-02  -1.57017527e-08]
 [ -1.60696164e-07   5.64137856e-02  -1.57017527e-08  -1.30549652e-02]]
Iter  76 ==============
E = -1.59234007181
dE = -1.07913677994e-13
|res| = 1.23687769086e-07
Cnew
[[  9.81413162e-01   4.01241336e-07   1.60047856e-02   1.07276352e-08]
 [  4.01241336e-07  -1.63517115e-01   1.41286167e-08   6.03835505e-02]
 [  1.60047856e-02   1.41286167e-08  -3.13039457e-02   2.62572890e-08]
 [  1.07276352e-08   6.03835505e-02   2.62572890e-08  -3.61354205e-02]]
sig1
[[ -2.90869690e+00  -9.72968165e-07  -3.30355753e-01   1.19892749e-07]
 [ -9.72968165e-07   3.54181888e-01  -1.35782461e-07  -1.52564933e-01]
 [ -3.30355753e-01  -1.35782461e-07   1.15446970e-02  -1.67609906e-08]
 [  1.19892749e-07  -1.52564933e-01  -1.67609906e-08   7.05948433e-02]]
sig2
[[  1.34595339e+00   5.19731869e-07   3.04870692e-01  -1.32010528e-07]
 [  5.19731869e-07  -9.38070332e-02   1.19822984e-07   5.64137856e-02]
 [  3.04870692e-01   1.19822984e-07   3.83018302e-02  -1.28988559e-08]
 [ -1.32010528e-07   5.64137856e-02  -1.28988559e-08  -1.30549652e-02]]
Iter  77 ==============
E = -1.59234007181
dE = -7.14983627859e-14
|res| = 1.01608447047e-07
Cnew
[[  9.81413162e-01   3.29616334e-07   1.60047856e-02   8.81266078e-09]
 [  3.29616334e-07  -1.63517115e-01   1.16065381e-08   6.03835505e-02]
 [  1.60047856e-02   1.16065381e-08  -3.13039457e-02   2.15701389e-08]
 [  8.81266078e-09   6.03835505e-02   2.15701389e-08  -3.61354205e-02]]
sig1
[[ -2.90869690e+00  -7.99285046e-07  -3.30355753e-01   9.84908705e-08]
 [ -7.99285046e-07   3.54181888e-01  -1.11544134e-07  -1.52564933e-01]
 [ -3.30355753e-01  -1.11544134e-07   1.15446970e-02  -1.37690108e-08]
 [  9.84908705e-08  -1.52564933e-01  -1.37690108e-08   7.05948433e-02]]
sig2
[[  1.34595339e+00   4.26955296e-07   3.04870692e-01  -1.08445522e-07]
 [  4.26955296e-07  -9.38070332e-02   9.84335593e-08   5.64137856e-02]
 [  3.04870692e-01   9.84335593e-08   3.83018302e-02  -1.05963000e-08]
 [ -1.08445522e-07   5.64137856e-02  -1.05963000e-08  -1.30549652e-02]]
Iter  78 ==============
E = -1.59234007181
dE = -4.86277684786e-14
|res| = 8.34704723658e-08
Cnew
[[  9.81413162e-01   2.70777007e-07   1.60047856e-02   7.23952564e-09]
 [  2.70777007e-07  -1.63517115e-01   9.53467203e-09   6.03835505e-02]
 [  1.60047856e-02   9.53467203e-09  -3.13039457e-02   1.77196851e-08]
 [  7.23952564e-09   6.03835505e-02   1.77196851e-08  -3.61354205e-02]]
sig1
[[ -2.90869690e+00  -6.56605846e-07  -3.30355753e-01   8.09094099e-08]
 [ -6.56605846e-07   3.54181888e-01  -9.16325541e-08  -1.52564933e-01]
 [ -3.30355753e-01  -9.16325541e-08   1.15446970e-02  -1.13111249e-08]
 [  8.09094099e-08  -1.52564933e-01  -1.13111249e-08   7.05948433e-02]]
sig2
[[  1.34595339e+00   3.50740133e-07   3.04870692e-01  -8.90870713e-08]
 [  3.50740133e-07  -9.38070332e-02   8.08623292e-08   5.64137856e-02]
 [  3.04870692e-01   8.08623292e-08   3.83018302e-02  -8.70477008e-09]
 [ -8.90870713e-08   5.64137856e-02  -8.70477008e-09  -1.30549652e-02]]
Iter  79 ==============
E = -1.59234007181
dE = -3.39728245535e-14
|res| = 6.8570280912e-08
Cnew
[[  9.81413162e-01   2.22441001e-07   1.60047856e-02   5.94720855e-09]
 [  2.22441001e-07  -1.63517115e-01   7.83265173e-09   6.03835505e-02]
 [  1.60047856e-02   7.83265173e-09  -3.13039457e-02   1.45565701e-08]
 [  5.94720855e-09   6.03835505e-02   1.45565701e-08  -3.61354205e-02]]
sig1
[[ -2.90869690e+00  -5.39396101e-07  -3.30355753e-01   6.64663899e-08]
 [ -5.39396101e-07   3.54181888e-01  -7.52753614e-08  -1.52564933e-01]
 [ -3.30355753e-01  -7.52753614e-08   1.15446970e-02  -9.29199258e-09]
 [  6.64663899e-08  -1.52564933e-01  -9.29199258e-09   7.05948433e-02]]
sig2
[[  1.34595339e+00   2.88130027e-07   3.04870692e-01  -7.31842690e-08]
 [  2.88130027e-07  -9.38070332e-02   6.64277136e-08   5.64137856e-02]
 [  3.04870692e-01   6.64277136e-08   3.83018302e-02  -7.15089435e-09]
 [ -7.31842690e-08   5.64137856e-02  -7.15089435e-09  -1.30549652e-02]]
Iter  80 ==============
E = -1.59234007181
dE = -2.0650148258e-14
|res| = 5.63299007556e-08
Cnew
[[  9.81413162e-01   1.82733384e-07   1.60047856e-02   4.88558109e-09]
 [  1.82733384e-07  -1.63517115e-01   6.43445657e-09   6.03835505e-02]
 [  1.60047856e-02   6.43445657e-09  -3.13039457e-02   1.19580982e-08]
 [  4.88558109e-09   6.03835505e-02   1.19580982e-08  -3.61354205e-02]]
sig1
[[ -2.90869690e+00  -4.43109295e-07  -3.30355753e-01   5.46015723e-08]
 [ -4.43109295e-07   3.54181888e-01  -6.18380672e-08  -1.52564933e-01]
 [ -3.30355753e-01  -6.18380672e-08   1.15446970e-02  -7.63329263e-09]
 [  5.46015723e-08  -1.52564933e-01  -7.63329263e-09   7.05948433e-02]]
sig2
[[  1.34595339e+00   2.36696359e-07   3.04870692e-01  -6.01202526e-08]
 [  2.36696359e-07  -9.38070332e-02   5.45698000e-08   5.64137856e-02]
 [  3.04870692e-01   5.45698000e-08   3.83018302e-02  -5.87439870e-09]
 [ -6.01202526e-08   5.64137856e-02  -5.87439870e-09  -1.30549652e-02]]
Iter  81 ==============
E = -1.59234007181
dE = -1.55431223448e-14
|res| = 4.62745328873e-08
Cnew
[[  9.81413162e-01   1.50113916e-07   1.60047856e-02   4.01346318e-09]
 [  1.50113916e-07  -1.63517115e-01   5.28585118e-09   6.03835505e-02]
 [  1.60047856e-02   5.28585118e-09  -3.13039457e-02   9.82347562e-09]
 [  4.01346318e-09   6.03835505e-02   9.82347562e-09  -3.61354205e-02]]
sig1
[[ -2.90869690e+00  -3.64010505e-07  -3.30355753e-01   4.48547258e-08]
 [ -3.64010505e-07   3.54181888e-01  -5.07994447e-08  -1.52564933e-01]
 [ -3.30355753e-01  -5.07994447e-08   1.15446970e-02  -6.27068477e-09]
 [  4.48547258e-08  -1.52564933e-01  -6.27068477e-09   7.05948433e-02]]
sig2
[[  1.34595339e+00   1.94444040e-07   3.04870692e-01  -4.93882746e-08]
 [  1.94444040e-07  -9.38070332e-02   4.48286251e-08   5.64137856e-02]
 [  3.04870692e-01   4.48286251e-08   3.83018302e-02  -4.82576842e-09]
 [ -4.93882746e-08   5.64137856e-02  -4.82576842e-09  -1.30549652e-02]]
Iter  82 ==============
E = -1.59234007181
dE = -1.02140518266e-14
|res| = 3.8014133972e-08
Cnew
[[  9.81413162e-01   1.23317301e-07   1.60047856e-02   3.29702576e-09]
 [  1.23317301e-07  -1.63517115e-01   4.34228165e-09   6.03835505e-02]
 [  1.60047856e-02   4.34228165e-09  -3.13039457e-02   8.06990141e-09]
 [  3.29702576e-09   6.03835505e-02   8.06990141e-09  -3.61354205e-02]]
sig1
[[ -2.90869690e+00  -2.99031525e-07  -3.30355753e-01   3.68477746e-08]
 [ -2.99031525e-07   3.54181888e-01  -4.17313104e-08  -1.52564933e-01]
 [ -3.30355753e-01  -4.17313104e-08   1.15446970e-02  -5.15131404e-09]
 [  3.68477746e-08  -1.52564933e-01  -5.15131404e-09   7.05948433e-02]]
sig2
[[  1.34595339e+00   1.59734120e-07   3.04870692e-01  -4.05720462e-08]
 [  1.59734120e-07  -9.38070332e-02   3.68263331e-08   5.64137856e-02]
 [  3.04870692e-01   3.68263331e-08   3.83018302e-02  -3.96432758e-09]
 [ -4.05720462e-08   5.64137856e-02  -3.96432758e-09  -1.30549652e-02]]
Iter  83 ==============
E = -1.59234007181
dE = -7.1054273576e-15
|res| = 3.12282867374e-08
Cnew
[[  9.81413162e-01   1.01304111e-07   1.60047856e-02   2.70847853e-09]
 [  1.01304111e-07  -1.63517115e-01   3.56714733e-09   6.03835505e-02]
 [  1.60047856e-02   3.56714733e-09  -3.13039457e-02   6.62935516e-09]
 [  2.70847853e-09   6.03835505e-02   6.62935516e-09  -3.61354205e-02]]
sig1
[[ -2.90869690e+00  -2.45651846e-07  -3.30355753e-01   3.02701325e-08]
 [ -2.45651846e-07   3.54181888e-01  -3.42819155e-08  -1.52564933e-01]
 [ -3.30355753e-01  -3.42819155e-08   1.15446970e-02  -4.23176053e-09]
 [  3.02701325e-08  -1.52564933e-01  -4.23176053e-09   7.05948433e-02]]
sig2
[[  1.34595339e+00   1.31220216e-07   3.04870692e-01  -3.33295899e-08]
 [  1.31220216e-07  -9.38070332e-02   3.02525184e-08   5.64137856e-02]
 [  3.04870692e-01   3.02525184e-08   3.83018302e-02  -3.25666129e-09]
 [ -3.33295899e-08   5.64137856e-02  -3.25666129e-09  -1.30549652e-02]]
Iter  84 ==============
E = -1.59234007181
dE = -4.21884749358e-15
|res| = 2.56537711282e-08
Cnew
[[  9.81413162e-01   8.32204630e-08   1.60047856e-02   2.22499201e-09]
 [  8.32204630e-08  -1.63517115e-01   2.93038110e-09   6.03835505e-02]
 [  1.60047856e-02   2.93038110e-09  -3.13039457e-02   5.44595871e-09]
 [  2.22499201e-09   6.03835505e-02   5.44595871e-09  -3.61354205e-02]]
sig1
[[ -2.90869690e+00  -2.01800896e-07  -3.30355753e-01   2.48666556e-08]
 [ -2.01800896e-07   3.54181888e-01  -2.81623011e-08  -1.52564933e-01]
 [ -3.30355753e-01  -2.81623011e-08   1.15446970e-02  -3.47635517e-09]
 [  2.48666556e-08  -1.52564933e-01  -3.47635517e-09   7.05948433e-02]]
sig2
[[  1.34595339e+00   1.07796288e-07   3.04870692e-01  -2.73799737e-08]
 [  1.07796288e-07  -9.38070332e-02   2.48521858e-08   5.64137856e-02]
 [  3.04870692e-01   2.48521858e-08   3.83018302e-02  -2.67531947e-09]
 [ -2.73799737e-08   5.64137856e-02  -2.67531947e-09  -1.30549652e-02]]
Iter  85 ==============
E = -1.59234007181
dE = -3.33066907388e-15
|res| = 2.10743541148e-08
Cnew
[[  9.81413162e-01   6.83649003e-08   1.60047856e-02   1.82781195e-09]
 [  6.83649003e-08  -1.63517115e-01   2.40728308e-09   6.03835505e-02]
 [  1.60047856e-02   2.40728308e-09  -3.13039457e-02   4.47380861e-09]
 [  1.82781195e-09   6.03835505e-02   4.47380861e-09  -3.61354205e-02]]
sig1
[[ -2.90869690e+00  -1.65777714e-07  -3.30355753e-01   2.04277454e-08]
 [ -1.65777714e-07   3.54181888e-01  -2.31350901e-08  -1.52564933e-01]
 [ -3.30355753e-01  -2.31350901e-08   1.15446970e-02  -2.85579611e-09]
 [  2.04277454e-08  -1.52564933e-01  -2.85579611e-09   7.05948433e-02]]
sig2
[[  1.34595339e+00   8.85537312e-08   3.04870692e-01  -2.24924148e-08]
 [  8.85537312e-08  -9.38070332e-02   2.04158586e-08   5.64137856e-02]
 [  3.04870692e-01   2.04158586e-08   3.83018302e-02  -2.19775212e-09]
 [ -2.24924148e-08   5.64137856e-02  -2.19775212e-09  -1.30549652e-02]]
Iter  86 ==============
E = -1.59234007181
dE = -2.22044604925e-15
|res| = 1.73124021079e-08
Cnew
[[  9.81413162e-01   5.61611824e-08   1.60047856e-02   1.50153192e-09]
 [  5.61611824e-08  -1.63517115e-01   1.97756251e-09   6.03835505e-02]
 [  1.60047856e-02   1.97756251e-09  -3.13039457e-02   3.67519561e-09]
 [  1.50153192e-09   6.03835505e-02   3.67519561e-09  -3.61354205e-02]]
sig1
[[ -2.90869690e+00  -1.36184978e-07  -3.30355753e-01   1.67812186e-08]
 [ -1.36184978e-07   3.54181888e-01  -1.90052791e-08  -1.52564933e-01]
 [ -3.30355753e-01  -1.90052791e-08   1.15446970e-02  -2.34601214e-09]
 [  1.67812186e-08  -1.52564933e-01  -2.34601214e-09   7.05948433e-02]]
sig2
[[  1.34595339e+00   7.27461346e-08   3.04870692e-01  -1.84773269e-08]
 [  7.27461346e-08  -9.38070332e-02   1.67714537e-08   5.64137856e-02]
 [  3.04870692e-01   1.67714537e-08   3.83018302e-02  -1.80543461e-09]
 [ -1.84773269e-08   5.64137856e-02  -1.80543461e-09  -1.30549652e-02]]
Iter  87 ==============
E = -1.59234007181
dE = -1.55431223448e-15
|res| = 1.42219906296e-08
Cnew
[[  9.81413162e-01   4.61359322e-08   1.60047856e-02   1.23349566e-09]
 [  4.61359322e-08  -1.63517115e-01   1.62455074e-09   6.03835505e-02]
 [  1.60047856e-02   1.62455074e-09  -3.13039457e-02   3.01914184e-09]
 [  1.23349566e-09   6.03835505e-02   3.01914184e-09  -3.61354205e-02]]
sig1
[[ -2.90869690e+00  -1.11874798e-07  -3.30355753e-01   1.37856279e-08]
 [ -1.11874798e-07   3.54181888e-01  -1.56126747e-08  -1.52564933e-01]
 [ -3.30355753e-01  -1.56126747e-08   1.15446970e-02  -1.92722896e-09]
 [  1.37856279e-08  -1.52564933e-01  -1.92722896e-09   7.05948433e-02]]
sig2
[[  1.34595339e+00   5.97603290e-08   3.04870692e-01  -1.51789664e-08]
 [  5.97603290e-08  -9.38070332e-02   1.37776061e-08   5.64137856e-02]
 [  3.04870692e-01   1.37776061e-08   3.83018302e-02  -1.48314913e-09]
 [ -1.51789664e-08   5.64137856e-02  -1.48314913e-09  -1.30549652e-02]]
Iter  88 ==============
E = -1.59234007181
dE = -1.11022302463e-15
|res| = 1.16832439663e-08
Cnew
[[  9.81413162e-01   3.79002747e-08   1.60047856e-02   1.01330616e-09]
 [  3.79002747e-08  -1.63517115e-01   1.33455457e-09   6.03835505e-02]
 [  1.60047856e-02   1.33455457e-09  -3.13039457e-02   2.48019926e-09]
 [  1.01330616e-09   6.03835505e-02   2.48019926e-09  -3.61354205e-02]]
sig1
[[ -2.90869690e+00  -9.19041918e-08  -3.30355753e-01   1.13247757e-08]
 [ -9.19041918e-08   3.54181888e-01  -1.28256790e-08  -1.52564933e-01]
 [ -3.30355753e-01  -1.28256790e-08   1.15446970e-02  -1.58320215e-09]
 [  1.13247757e-08  -1.52564933e-01  -1.58320215e-09   7.05948433e-02]]
sig2
[[  1.34595339e+00   4.90926004e-08   3.04870692e-01  -1.24693914e-08]
 [  4.90926004e-08  -9.38070332e-02   1.13181859e-08   5.64137856e-02]
 [  3.04870692e-01   1.13181859e-08   3.83018302e-02  -1.21839436e-09]
 [ -1.24693914e-08   5.64137856e-02  -1.21839436e-09  -1.30549652e-02]]
Iter  89 ==============
E = -1.59234007181
dE = -2.22044604925e-16
|res| = 9.59768524186e-09
Cnew
[[  9.81413162e-01   3.11347523e-08   1.60047856e-02   8.32422367e-10]
 [  3.11347523e-08  -1.63517115e-01   1.09632520e-09   6.03835505e-02]
 [  1.60047856e-02   1.09632520e-09  -3.13039457e-02   2.03746253e-09]
 [  8.32422367e-10   6.03835505e-02   2.03746253e-09  -3.61354205e-02]]
sig1
[[ -2.90869690e+00  -7.54985094e-08  -3.30355753e-01   9.30320665e-09]
 [ -7.54985094e-08   3.54181888e-01  -1.05361859e-08  -1.52564933e-01]
 [ -3.30355753e-01  -1.05361859e-08   1.15446970e-02  -1.30058705e-09]
 [  9.30320665e-09  -1.52564933e-01  -1.30058705e-09   7.05948433e-02]]
sig2
[[  1.34595339e+00   4.03291524e-08   3.04870692e-01  -1.02434987e-08]
 [  4.03291524e-08  -9.38070332e-02   9.29779314e-09   5.64137856e-02]
 [  3.04870692e-01   9.29779314e-09   3.83018302e-02  -1.00090057e-09]
 [ -1.02434987e-08   5.64137856e-02  -1.00090057e-09  -1.30549652e-02]]
Iter  90 ==============
E = -1.59234007181
dE = -2.22044604925e-16
|res| = 7.88441654286e-09
Cnew
[[  9.81413162e-01   2.55769334e-08   1.60047856e-02   6.83827872e-10]
 [  2.55769334e-08  -1.63517115e-01   9.00621799e-10   6.03835505e-02]
 [  1.60047856e-02   9.00621799e-10  -3.13039457e-02   1.67375809e-09]
 [  6.83827872e-10   6.03835505e-02   1.67375809e-09  -3.61354205e-02]]
sig1
[[ -2.90869690e+00  -6.20213814e-08  -3.30355753e-01   7.64250491e-09]
 [ -6.20213814e-08   3.54181888e-01  -8.65538685e-09  -1.52564933e-01]
 [ -3.30355753e-01  -8.65538685e-09   1.15446970e-02  -1.06842117e-09]
 [  7.64250491e-09  -1.52564933e-01  -1.06842117e-09   7.05948433e-02]]
sig2
[[  1.34595339e+00   3.31300546e-08   3.04870692e-01  -8.41494679e-09]
 [  3.31300546e-08  -9.38070332e-02   7.63805774e-09   5.64137856e-02]
 [  3.04870692e-01   7.63805774e-09   3.83018302e-02  -8.22231282e-10]
 [ -8.41494679e-09   5.64137856e-02  -8.22231282e-10  -1.30549652e-02]]
Iter  91 ==============
E = -1.59234007181
dE = -1.11022302463e-15
|res| = 6.4769809235e-09
Cnew
[[  9.81413162e-01   2.10112326e-08   1.60047856e-02   5.61758762e-10]
 [  2.10112326e-08  -1.63517115e-01   7.39853127e-10   6.03835505e-02]
 [  1.60047856e-02   7.39853127e-10  -3.13039457e-02   1.37497799e-09]
 [  5.61758762e-10   6.03835505e-02   1.37497799e-09  -3.61354205e-02]]
sig1
[[ -2.90869690e+00  -5.09500357e-08  -3.30355753e-01   6.27825259e-09]
 [ -5.09500357e-08   3.54181888e-01  -7.11032646e-09  -1.52564933e-01]
 [ -3.30355753e-01  -7.11032646e-09   1.15446970e-02  -8.77698872e-10]
 [  6.27825259e-09  -1.52564933e-01  -8.77698872e-10   7.05948433e-02]]
sig2
[[  1.34595339e+00   2.72160572e-08   3.04870692e-01  -6.91280700e-09]
 [  2.72160572e-08  -9.38070332e-02   6.27459927e-09   5.64137856e-02]
 [  3.04870692e-01   6.27459927e-09   3.83018302e-02  -6.75455984e-10]
 [ -6.91280700e-09   5.64137856e-02  -6.75455984e-10  -1.30549652e-02]]
Iter  92 ==============
E = -1.59234007181
dE = 2.22044604925e-16
|res| = 5.32078456984e-09
Cnew
[[  9.81413162e-01   1.72605483e-08   1.60047856e-02   4.61480030e-10]
 [  1.72605483e-08  -1.63517115e-01   6.07783035e-10   6.03835505e-02]
 [  1.60047856e-02   6.07783035e-10  -3.13039457e-02   1.12953269e-09]
 [  4.61480030e-10   6.03835505e-02   1.12953269e-09  -3.61354205e-02]]
sig1
[[ -2.90869690e+00  -4.18550196e-08  -3.30355753e-01   5.15753095e-09]
 [ -4.18550196e-08   3.54181888e-01  -5.84107253e-09  -1.52564933e-01]
 [ -3.30355753e-01  -5.84107253e-09   1.15446970e-02  -7.21022134e-10]
 [  5.15753095e-09  -1.52564933e-01  -7.21022134e-10   7.05948433e-02]]
sig2
[[  1.34595339e+00   2.23577588e-08   3.04870692e-01  -5.67881199e-09]
 [  2.23577588e-08  -9.38070332e-02   5.15452977e-09   5.64137856e-02]
 [  3.04870692e-01   5.15452977e-09   3.83018302e-02  -5.54881329e-10]
 [ -5.67881199e-09   5.64137856e-02  -5.54881329e-10  -1.30549652e-02]]
Iter  93 ==============
E = -1.59234007181
dE = -6.66133814775e-16
|res| = 4.37097912947e-09
Cnew
[[  9.81413162e-01   1.41793932e-08   1.60047856e-02   3.79101907e-10]
 [  1.41793932e-08  -1.63517115e-01   4.99288580e-10   6.03835505e-02]
 [  1.60047856e-02   4.99288580e-10  -3.13039457e-02   9.27901464e-10]
 [  3.79101907e-10   6.03835505e-02   9.27901464e-10  -3.61354205e-02]]
sig1
[[ -2.90869690e+00  -3.43835416e-08  -3.30355753e-01   4.23686769e-09]
 [ -3.43835416e-08   3.54181888e-01  -4.79839126e-09  -1.52564933e-01]
 [ -3.30355753e-01  -4.79839126e-09   1.15446970e-02  -5.92313530e-10]
 [  4.23686769e-09  -1.52564933e-01  -5.92313530e-10   7.05948433e-02]]
sig2
[[  1.34595339e+00   1.83667081e-08   3.04870692e-01  -4.66509561e-09]
 [  1.83667081e-08  -9.38070332e-02   4.23440223e-09   5.64137856e-02]
 [  3.04870692e-01   4.23440223e-09   3.83018302e-02  -4.55830278e-10]
 [ -4.66509561e-09   5.64137856e-02  -4.55830278e-10  -1.30549652e-02]]
Iter  94 ==============
E = -1.59234007181
dE = 4.4408920985e-16
|res| = 3.59072206355e-09
Cnew
[[  9.81413162e-01   1.16482505e-08   1.60047856e-02   3.11428982e-10]
 [  1.16482505e-08  -1.63517115e-01   4.10161312e-10   6.03835505e-02]
 [  1.60047856e-02   4.10161312e-10  -3.13039457e-02   7.62263136e-10]
 [  3.11428982e-10   6.03835505e-02   7.62263136e-10  -3.61354205e-02]]
sig1
[[ -2.90869690e+00  -2.82457860e-08  -3.30355753e-01   3.48055067e-09]
 [ -2.82457860e-08   3.54181888e-01  -3.94183749e-09  -1.52564933e-01]
 [ -3.30355753e-01  -3.94183749e-09   1.15446970e-02  -4.86580510e-10]
 [  3.48055067e-09  -1.52564933e-01  -4.86580510e-10   7.05948433e-02]]
sig2
[[  1.34595339e+00   1.50880940e-08   3.04870692e-01  -3.83233625e-09]
 [  1.50880940e-08  -9.38070332e-02   3.47852531e-09   5.64137856e-02]
 [  3.04870692e-01   3.47852531e-09   3.83018302e-02  -3.74460685e-10]
 [ -3.83233625e-09   5.64137856e-02  -3.74460685e-10  -1.30549652e-02]]
Iter  95 ==============
E = -1.59234007181
dE = 0.0
|res| = 2.94974754071e-09
Cnew
[[  9.81413162e-01   9.56893844e-09   1.60047856e-02   2.55836251e-10]
 [  9.56893844e-09  -1.63517115e-01   3.36944021e-10   6.03835505e-02]
 [  1.60047856e-02   3.36944021e-10  -3.13039457e-02   6.26192663e-10]
 [  2.55836251e-10   6.03835505e-02   6.26192663e-10  -3.61354205e-02]]
sig1
[[ -2.90869690e+00  -2.32036723e-08  -3.30355753e-01   2.85924269e-09]
 [ -2.32036723e-08   3.54181888e-01  -3.23818587e-09  -1.52564933e-01]
 [ -3.30355753e-01  -3.23818587e-09   1.15446970e-02  -3.99721737e-10]
 [  2.85924269e-09  -1.52564933e-01  -3.99721737e-10   7.05948433e-02]]
sig2
[[  1.34595339e+00   1.23947405e-08   3.04870692e-01  -3.14823155e-09]
 [  1.23947405e-08  -9.38070332e-02   2.85757887e-09   5.64137856e-02]
 [  3.04870692e-01   2.85757887e-09   3.83018302e-02  -3.07616259e-10]
 [ -3.14823155e-09   5.64137856e-02  -3.07616259e-10  -1.30549652e-02]]
Iter  96 ==============
E = -1.59234007181
dE = 4.4408920985e-16
|res| = 2.42319243871e-09
Cnew
[[  9.81413162e-01   7.86080129e-09   1.60047856e-02   2.10167297e-10]
 [  7.86080129e-09  -1.63517115e-01   2.76796641e-10   6.03835505e-02]
 [  1.60047856e-02   2.76796641e-10  -3.13039457e-02   5.14411930e-10]
 [  2.10167297e-10   6.03835505e-02   5.14411930e-10  -3.61354205e-02]]
sig1
[[ -2.90869690e+00  -1.90616188e-08  -3.30355753e-01   2.34884349e-09]
 [ -1.90616188e-08   3.54181888e-01  -2.66014208e-09  -1.52564933e-01]
 [ -3.30355753e-01  -2.66014208e-09   1.15446970e-02  -3.28367995e-10]
 [  2.34884349e-09  -1.52564933e-01  -3.28367995e-10   7.05948433e-02]]
sig2
[[  1.34595339e+00   1.01821736e-08   3.04870692e-01  -2.58624537e-09]
 [  1.01821736e-08  -9.38070332e-02   2.34747666e-09   5.64137856e-02]
 [  3.04870692e-01   2.34747666e-09   3.83018302e-02  -2.52704133e-10]
 [ -2.58624537e-09   5.64137856e-02  -2.52704133e-10  -1.30549652e-02]]
Iter  97 ==============
E = -1.59234007181
dE = 2.22044604925e-16
|res| = 1.99063191477e-09
Cnew
[[  9.81413162e-01   6.45758120e-09   1.60047856e-02   1.72650641e-10]
 [  6.45758120e-09  -1.63517115e-01   2.27386082e-10   6.03835505e-02]
 [  1.60047856e-02   2.27386082e-10  -3.13039457e-02   4.22585011e-10]
 [  1.72650641e-10   6.03835505e-02   4.22585011e-10  -3.61354205e-02]]
sig1
[[ -2.90869690e+00  -1.56589572e-08  -3.30355753e-01   1.92955490e-09]
 [ -1.56589572e-08   3.54181888e-01  -2.18528403e-09  -1.52564933e-01]
 [ -3.30355753e-01  -2.18528403e-09   1.15446970e-02  -2.69751505e-10]
 [  1.92955490e-09  -1.52564933e-01  -2.69751505e-10   7.05948433e-02]]
sig2
[[  1.34595339e+00   8.36456874e-09   3.04870692e-01  -2.12457852e-09]
 [  8.36456874e-09  -9.38070332e-02   1.92843206e-09   5.64137856e-02]
 [  3.04870692e-01   1.92843206e-09   3.83018302e-02  -2.07594290e-10]
 [ -2.12457852e-09   5.64137856e-02  -2.07594290e-10  -1.30549652e-02]]
Iter  98 ==============
E = -1.59234007181
dE = -4.4408920985e-16
|res| = 1.63528713477e-09
Cnew
[[  9.81413162e-01   5.30484787e-09   1.60047856e-02   1.41831028e-10]
 [  5.30484787e-09  -1.63517115e-01   1.86795729e-10   6.03835505e-02]
 [  1.60047856e-02   1.86795729e-10  -3.13039457e-02   3.47149981e-10]
 [  1.41831028e-10   6.03835505e-02   3.47149981e-10  -3.61354205e-02]]
sig1
[[ -2.90869690e+00  -1.28636998e-08  -3.30355753e-01   1.58511290e-09]
 [ -1.28636998e-08   3.54181888e-01  -1.79519219e-09  -1.52564933e-01]
 [ -3.30355753e-01  -1.79519219e-09   1.15446970e-02  -2.21598559e-10]
 [  1.58511290e-09  -1.52564933e-01  -2.21598559e-10   7.05948433e-02]]
sig2
[[  1.34595339e+00   6.87142185e-09   3.04870692e-01  -1.74532314e-09]
 [  6.87142185e-09  -9.38070332e-02   1.58419048e-09   5.64137856e-02]
 [  3.04870692e-01   1.58419048e-09   3.83018302e-02  -1.70536939e-10]
 [ -1.74532314e-09   5.64137856e-02  -1.70536939e-10  -1.30549652e-02]]
Iter  99 ==============
E = -1.59234007181
dE = -2.22044604925e-16
|res| = 1.34337442965e-09
Cnew
[[  9.81413162e-01   4.35788727e-09   1.60047856e-02   1.16512979e-10]
 [  4.35788727e-09  -1.63517115e-01   1.53451100e-10   6.03835505e-02]
 [  1.60047856e-02   1.53451100e-10  -3.13039457e-02   2.85180747e-10]
 [  1.16512979e-10   6.03835505e-02   2.85180747e-10  -3.61354205e-02]]
sig1
[[ -2.90869690e+00  -1.05674196e-08  -3.30355753e-01   1.30215674e-09]
 [ -1.05674196e-08   3.54181888e-01  -1.47473508e-09  -1.52564933e-01]
 [ -3.30355753e-01  -1.47473508e-09   1.15446970e-02  -1.82041324e-10]
 [  1.30215674e-09  -1.52564933e-01  -1.82041324e-10   7.05948433e-02]]
sig2
[[  1.34595339e+00   5.64481443e-09   3.04870692e-01  -1.43376808e-09]
 [  5.64481443e-09  -9.38070332e-02   1.30139897e-09   5.64137856e-02]
 [  3.04870692e-01   1.30139897e-09   3.83018302e-02  -1.40094641e-10]
 [ -1.43376808e-09   5.64137856e-02  -1.40094641e-10  -1.30549652e-02]]
Iter  100 ==============
E = -1.59234007181
dE = 8.881784197e-16
|res| = 1.10357063286e-09
Cnew
[[  9.81413162e-01   3.57996722e-09   1.60047856e-02   9.57144173e-11]
 [  3.57996722e-09  -1.63517115e-01   1.26058772e-10   6.03835505e-02]
 [  1.60047856e-02   1.26058772e-10  -3.13039457e-02   2.34273550e-10]
 [  9.57144173e-11   6.03835505e-02   2.34273550e-10  -3.61354205e-02]]
sig1
[[ -2.90869690e+00  -8.68104508e-09  -3.30355753e-01   1.06971066e-09]
 [ -8.68104508e-09   3.54181888e-01  -1.21148229e-09  -1.52564933e-01]
 [ -3.30355753e-01  -1.21148229e-09   1.15446970e-02  -1.49545393e-10]
 [  1.06971066e-09  -1.52564933e-01  -1.49545393e-10   7.05948433e-02]]
sig2
[[  1.34595339e+00   4.63716690e-09   3.04870692e-01  -1.17782825e-09]
 [  4.63716690e-09  -9.38070332e-02   1.06908815e-09   5.64137856e-02]
 [  3.04870692e-01   1.06908815e-09   3.83018302e-02  -1.15086553e-10]
 [ -1.17782825e-09   5.64137856e-02  -1.15086553e-10  -1.30549652e-02]]
Iter  101 ==============
E = -1.59234007181
dE = -4.4408920985e-16
|res| = 9.06573859706e-10
Iteration Converged.
E(FCI) = -1.111269880064
Benchmark
converged SCF energy = -1.07568569471131
E(FCI) = -1.111269880064
