converged SCF energy = -99.9593211672751
mo_coeff
[[  3.65990534e-04   8.15944674e-02  -2.63748473e-01   2.52001424e-17
    2.08459922e-16   1.69643944e-01   1.27149240e+00  -1.36633754e-16
    7.38231783e-18   3.49718589e-01  -4.61456672e-01]
 [  1.23275730e-03   8.54660097e-04  -1.73647803e-01   5.10798189e-17
    2.15301234e-16   1.14060099e+00  -1.06756456e+00  -6.44279057e-17
    1.34953299e-16  -8.66984001e-02  -4.24369480e-01]
 [  9.95554264e-01  -2.34481030e-01  -4.78073007e-02  -3.45496606e-19
   -1.18576190e-16   5.50016642e-02   1.79066539e-02   8.16668786e-18
   -3.91086364e-17   7.01050338e-02   8.70107245e-02]
 [  2.09674585e-02   5.06007964e-01   1.14913463e-01   2.57508050e-16
    6.37062753e-17  -7.65680448e-02  -1.10458643e-01  -1.77156105e-16
    5.39778913e-16  -7.58699090e-01  -1.38017480e+00]
 [ -5.17865853e-03   5.53930533e-01   1.75351648e-01  -2.51544705e-16
   -2.89629609e-16  -5.34619092e-01   2.50449277e-01   2.39999598e-16
   -5.94175074e-16   6.89152857e-01   1.66110646e+00]
 [ -7.92861488e-18   7.25478843e-18   3.22758677e-16  -2.71526187e-02
    6.61730297e-01  -2.08634522e-17  -4.37005875e-19  -9.41358617e-01
    8.77223589e-02  -4.64845688e-17   5.82537193e-17]
 [  8.49667149e-20  -1.23731124e-17  -5.49915053e-17   6.61730297e-01
    2.71526187e-02  -6.39105470e-19  -1.90275078e-18  -8.77223589e-02
   -9.41358617e-01  -3.50356459e-16  -3.13354044e-16]
 [ -1.22965420e-03  -4.68523305e-02   5.28896322e-01   2.12734605e-17
   -3.42726948e-16   3.26359014e-01   3.39483368e-01   2.14904624e-16
    1.02047723e-16  -7.92011060e-01   5.07371448e-01]
 [ -5.34437817e-18   9.88451258e-19   2.27825696e-16  -2.00158578e-02
    4.87801919e-01  -3.84129895e-17  -3.59184616e-18   1.04149162e+00
   -9.70534500e-02   9.83151770e-17  -2.10055419e-16]
 [  1.86481080e-18  -4.08248355e-18  -3.89946441e-17   4.87801919e-01
    2.00158578e-02  -1.09613917e-17   5.18370873e-18   9.70534500e-02
    1.04149162e+00   2.86988603e-16   1.90904479e-16]
 [  1.13423606e-03  -4.33710716e-02   3.80594006e-01   1.18445261e-16
    2.02211604e-17   4.69154335e-01   1.18681583e-02  -3.01738591e-16
   -6.62510311e-17   9.92042061e-01  -8.92286968e-01]]
mo_occ
[ 2.  2.  2.  2.  2.  0.  0.  0.  0.  0.  0.]
mo_energy
[-26.28170984  -1.5370717   -0.6732273   -0.61746673  -0.61746673
   0.14998606   0.95643201   1.49814915   1.49814915   1.62801525
   1.96269277]
ne = 5 no = 11
mocc
[[  3.65990534e-04   8.15944674e-02  -2.63748473e-01   2.52001424e-17
    2.08459922e-16]
 [  1.23275730e-03   8.54660097e-04  -1.73647803e-01   5.10798189e-17
    2.15301234e-16]
 [  9.95554264e-01  -2.34481030e-01  -4.78073007e-02  -3.45496606e-19
   -1.18576190e-16]
 [  2.09674585e-02   5.06007964e-01   1.14913463e-01   2.57508050e-16
    6.37062753e-17]
 [ -5.17865853e-03   5.53930533e-01   1.75351648e-01  -2.51544705e-16
   -2.89629609e-16]
 [ -7.92861488e-18   7.25478843e-18   3.22758677e-16  -2.71526187e-02
    6.61730297e-01]
 [  8.49667149e-20  -1.23731124e-17  -5.49915053e-17   6.61730297e-01
    2.71526187e-02]
 [ -1.22965420e-03  -4.68523305e-02   5.28896322e-01   2.12734605e-17
   -3.42726948e-16]
 [ -5.34437817e-18   9.88451258e-19   2.27825696e-16  -2.00158578e-02
    4.87801919e-01]
 [  1.86481080e-18  -4.08248355e-18  -3.89946441e-17   4.87801919e-01
    2.00158578e-02]
 [  1.13423606e-03  -4.33710716e-02   3.80594006e-01   1.18445261e-16
    2.02211604e-17]]
mvir
[[  1.69643944e-01   1.27149240e+00  -1.36633754e-16   7.38231783e-18
    3.49718589e-01  -4.61456672e-01]
 [  1.14060099e+00  -1.06756456e+00  -6.44279057e-17   1.34953299e-16
   -8.66984001e-02  -4.24369480e-01]
 [  5.50016642e-02   1.79066539e-02   8.16668786e-18  -3.91086364e-17
    7.01050338e-02   8.70107245e-02]
 [ -7.65680448e-02  -1.10458643e-01  -1.77156105e-16   5.39778913e-16
   -7.58699090e-01  -1.38017480e+00]
 [ -5.34619092e-01   2.50449277e-01   2.39999598e-16  -5.94175074e-16
    6.89152857e-01   1.66110646e+00]
 [ -2.08634522e-17  -4.37005875e-19  -9.41358617e-01   8.77223589e-02
   -4.64845688e-17   5.82537193e-17]
 [ -6.39105470e-19  -1.90275078e-18  -8.77223589e-02  -9.41358617e-01
   -3.50356459